0 0 0.26 0.26 0.26 0.8 0.8 0.8
1 0.1 0.32 0.32 0.32 0.8 0.8 0.8
2 0.2 0.38 0.38 0.38 0.8 0.8 0.8
3 0.3 0.44 0.44 0.44 0.8 0.8 0.8
4 0.4 0.5 0.5 0.5 0.8 0.8 0.8
5 0.5 0.56 0.56 0.56 0.8 0.8 0.8
6 0.6 0.62 0.62 0.62 0.8 0.8 0.8
7 0.7 0.68 0.68 0.68 0.8 0.8 0.8
8 0.8 0.74 0.74 0.74 0.8 0.8 0.8
9 0.9 0.8 0.8 0.8 0.8 0.8 0.8
10 1 0.86 0.86 0.86 0.8 0.8 0.8
11 1.1 0.92 0.92 0.92 0.8 0.8 0.8
12 1.2 0.98 0.98 0.98 0.8 0.8 0.8
13 1.3 1.04 1.04 1.04 0.8 0.8 0.8
14 1.4 1.1 1.1 1.1 0.8 0.8 0.8
15 1.5 1.16 1.16 1.16 0.8 0.8 0.8
16 1.6 1.22 1.22 1.22 0.8 0.8 0.8
17 1.7 1.28 1.28 1.28 0.8 0.8 0.8
18 1.8 1.34 1.34 1.34 0.8 0.8 0.8
19 1.9 1.4 1.4 1.4 0.8 0.8 0.8
20 2 1.46 1.46 1.46 0.8 0.8 0.8
21 2.1 1.52 1.52 1.52 0.8 0.8 0.8
22 2.2 1.58 1.58 1.58 0.8 0.8 0.8
23 2.3 1.64 1.64 1.64 0.8 0.8 0.8
24 2.4 1.7 1.7 1.7 0.8 0.8 0.8
25 2.5 1.76 1.76 1.76 0.8 0.8 0.8
26 2.6 1.82 1.82 1.82 0.8 0.8 0.8
27 2.7 1.88 1.88 1.88 0.8 0.8 0.8
28 2.8 1.94 1.94 1.94 0.8 0.8 0.8
29 2.9 2 2 2 0.8 0.8 0.8
30 3 2.06 2.06 2.06 0.8 0.8 0.8
31 3.1 2.12 2.12 2.12 0.8 0.8 0.8
32 3.2 2.18 2.18 2.18 0.8 0.8 0.8
33 3.3 2.24 2.24 2.24 0.8 0.8 0.8
34 3.4 2.3 2.3 2.3 0.8 0.8 0.8
35 3.5 2.36 2.36 2.36 0.8 0.8 0.8
36 3.6 2.42 2.42 2.42 0.8 0.8 0.8
37 3.7 2.48 2.48 2.48 0.8 0.8 0.8
38 3.8 2.54 2.54 2.54 0.8 0.8 0.8
39 3.9 2.6 2.6 2.6 0.8 0.8 0.8
40 4 2.66 2.66 2.66 0.8 0.8 0.8
41 4.1 2.72 2.72 2.72 0.8 0.8 0.8
42 4.2 2.78 2.78 2.78 0.8 0.8 0.8
43 4.3 2.84 2.84 2.84 0.8 0.8 0.8
44 4.4 2.9 2.9 2.9 0.8 0.8 0.8
45 4.5 2.96 2.96 2.96 0.8 0.8 0.8
46 4.6 3.02 3.02 3.02 0.8 0.8 0.8
47 4.7 3.08 3.08 3.08 0.8 0.8 0.8
48 4.8 3.14 3.14 3.14 0.8 0.8 0.8
49 4.9 3.2 3.2 3.2 0.8 0.8 0.8
50 5 3.26 3.26 3.26 0.8 0.8 0.8
51 5.1 3.32 3.32 3.32 0.8 0.8 0.8
52 5.2 3.38 3.38 3.38 0.8 0.8 0.8
53 5.3 3.44 3.44 3.44 0.8 0.8 0.8
54 5.4 3.5 3.5 3.5 0.8 0.8 0.8
55 5.5 3.56 3.56 3.56 0.8 0.8 0.8
56 5.6 3.62 3.62 3.62 0.8 0.8 0.8
57 5.7 3.68 3.68 3.68 0.8 0.8 0.8
58 5.8 3.74 3.74 3.74 0.8 0.8 0.8
59 5.9 3.8 3.8 3.8 0.8 0.8 0.8
60 6 3.86 3.86 3.86 0.8 0.8 0.8
61 6.1 3.92 3.92 3.92 0.8 0.8 0.8
62 6.2 3.98 3.98 3.98 0.8 0.8 0.8
63 6.3 4.04 4.04 4.04 0.8 0.8 0.8
64 6.4 4.1 4.1 4.1 0.8 0.8 0.8
65 6.5 4.16 4.16 4.16 0.8 0.8 0.8
66 6.6 4.22 4.22 4.22 0.8 0.8 0.8
67 6.7 4.28 4.28 4.28 0.8 0.8 0.8
68 6.8 4.34 4.34 4.34 0.8 0.8 0.8
69 6.9 4.4 4.4 4.4 0.8 0.8 0.8
70 7 4.46 4.46 4.46 0.8 0.8 0.8
71 7.1 4.52 4.52 4.52 0.8 0.8 0.8
72 7.2 4.58 4.58 4.58 0.8 0.8 0.8
73 7.3 4.64 4.64 4.64 0.8 0.8 0.8
74 7.4 4.7 4.7 4.7 0.8 0.8 0.8
75 7.5 4.76 4.76 4.76 0.8 0.8 0.8
76 7.6 4.82 4.82 4.82 0.8 0.8 0.8
77 7.7 4.88 4.88 4.88 0.8 0.8 0.8
78 7.8 4.94 4.94 4.94 0.8 0.8 0.8
79 7.9 5 5 5 0.8 0.8 0.8
80 8 5.06 5.06 5.06 0.8 0.8 0.8
81 8.1 5.12 5.12 5.12 0.8 0.8 0.8
82 8.2 5.18 5.18 5.18 0.8 0.8 0.8
83 8.3 5.24 5.24 5.24 0.8 0.8 0.8
84 8.4 5.3 5.3 5.3 0.8 0.8 0.8
85 8.5 5.36 5.36 5.36 0.8 0.8 0.8
86 8.6 5.42 5.42 5.42 0.8 0.8 0.8
87 8.7 5.48 5.48 5.48 0.8 0.8 0.8
88 8.8 5.54 5.54 5.54 0.8 0.8 0.8
89 8.9 5.6 5.6 5.6 0.8 0.8 0.8
90 9 5.66 5.66 5.66 0.8 0.8 0.8
91 9.1 5.72 5.72 5.72 0.8 0.8 0.8
92 9.2 5.78 5.78 5.78 0.8 0.8 0.8
93 9.3 5.84 5.84 5.84 0.8 0.8 0.8
94 9.4 5.9 5.9 5.9 0.8 0.8 0.8
95 9.5 5.96 5.96 5.96 0.8 0.8 0.8
96 9.6 6.02 6.02 6.02 0.8 0.8 0.8
97 9.7 6.08 6.08 6.08 0.8 0.8 0.8
98 9.8 6.14 6.14 6.14 0.8 0.8 0.8
99 9.9 6.2 6.2 6.2 0.8 0.8 0.8
100 10 6.26 6.26 6.26 0.8 0.8 0.8
101 10.1 6.32 6.32 6.32 0.8 0.8 0.8
102 10.2 6.38 6.38 6.38 0.8 0.8 0.8
103 10.3 6.44 6.44 6.44 0.8 0.8 0.8
104 10.4 6.5 6.5 6.5 0.8 0.8 0.8
105 10.5 6.56 6.56 6.56 0.8 0.8 0.8
106 10.6 6.62 6.62 6.62 0.8 0.8 0.8
107 10.7 6.68 6.68 6.68 0.8 0.8 0.8
108 10.8 6.74 6.74 6.74 0.8 0.8 0.8
109 10.9 6.8 6.8 6.8 0.8 0.8 0.8
110 11 6.86 6.86 6.86 0.8 0.8 0.8
111 11.1 6.92 6.92 6.92 0.8 0.8 0.8
112 11.2 6.98 6.98 6.98 0.8 0.8 0.8
113 11.3 7.04 7.04 7.04 0.8 0.8 0.8
114 11.4 7.1 7.1 7.1 0.8 0.8 0.8
115 11.5 7.16 7.16 7.16 0.8 0.8 0.8
116 11.6 7.22 7.22 7.22 0.8 0.8 0.8
117 11.7 7.28 7.28 7.28 0.8 0.8 0.8
118 11.8 7.34 7.34 7.34 0.8 0.8 0.8
119 11.9 7.4 7.4 7.4 0.8 0.8 0.8
120 12 7.46 7.46 7.46 0.8 0.8 0.8
121 12.1 7.52 7.52 7.52 0.8 0.8 0.8
122 12.2 7.58 7.58 7.58 0.8 0.8 0.8
123 12.3 7.64 7.64 7.64 0.8 0.8 0.8
124 12.4 7.7 7.7 7.7 0.8 0.8 0.8
125 12.5 7.76 7.76 7.76 0.8 0.8 0.8
126 12.6 7.82 7.82 7.82 0.8 0.8 0.8
127 12.7 7.88 7.88 7.88 0.8 0.8 0.8
128 12.8 7.94 7.94 7.94 0.8 0.8 0.8
129 12.9 8 8 8 0.8 0.8 0.8
130 13 8.06 8.06 8.06 0.8 0.8 0.8
131 13.1 8.12 8.12 8.12 0.8 0.8 0.8
132 13.2 8.18 8.18 8.18 0.8 0.8 0.8
133 13.3 8.24 8.24 8.24 0.8 0.8 0.8
134 13.4 8.3 8.3 8.3 0.8 0.8 0.8
135 13.5 8.36 8.36 8.36 0.8 0.8 0.8
136 13.6 8.42 8.42 8.42 0.8 0.8 0.8
137 13.7 8.48 8.48 8.48 0.8 0.8 0.8
138 13.8 8.54 8.54 8.54 0.8 0.8 0.8
139 13.9 8.6 8.6 8.6 0.8 0.8 0.8
140 14 8.66 8.66 8.66 0.8 0.8 0.8
141 14.1 8.72 8.72 8.72 0.8 0.8 0.8
142 14.2 8.78 8.78 8.78 0.8 0.8 0.8
143 14.3 8.84 8.84 8.84 0.8 0.8 0.8
144 14.4 8.9 8.9 8.9 0.8 0.8 0.8
145 14.5 8.96 8.96 8.96 0.8 0.8 0.8
146 14.6 9.02 9.02 9.02 0.8 0.8 0.8
147 14.7 9.08 9.08 9.08 0.8 0.8 0.8
148 14.8 9.14 9.14 9.14 0.8 0.8 0.8
149 14.9 9.2 9.2 9.2 0.8 0.8 0.8
150 15 9.26 9.26 9.26 0.8 0.8 0.8
151 15.1 9.32 9.32 9.32 0.8 0.8 0.8
152 15.2 9.38 9.38 9.38 0.8 0.8 0.8
153 15.3 9.44 9.44 9.44 0.8 0.8 0.8
154 15.4 9.5 9.5 9.5 0.8 0.8 0.8
155 15.5 9.56 9.56 9.56 0.8 0.8 0.8
156 15.6 9.62 9.62 9.62 0.8 0.8 0.8
157 15.7 9.68 9.68 9.68 0.8 0.8 0.8
158 15.8 9.74 9.74 9.74 0.8 0.8 0.8
159 15.9 9.8 9.8 9.8 0.8 0.8 0.8
160 16 9.86 9.86 9.86 0.8 0.8 0.8
161 16.1 9.92 9.92 9.92 0.8 0.8 0.8
162 16.2 9.98 9.98 9.98 0.8 0.8 0.8
163 16.3 10.04 10.04 10.04 0.8 0.8 0.8
164 16.4 10.1 10.1 10.1 0.8 0.8 0.8
165 16.5 10.16 10.16 10.16 0.8 0.8 0.8
166 16.6 10.22 10.22 10.22 0.8 0.8 0.8
167 16.7 10.28 10.28 10.28 0.8 0.8 0.8
168 16.8 10.34 10.34 10.34 0.8 0.8 0.8
169 16.9 10.4 10.4 10.4 0.8 0.8 0.8
170 17 10.46 10.46 10.46 0.8 0.8 0.8
171 17.1 10.52 10.52 10.52 0.8 0.8 0.8
172 17.2 10.58 10.58 10.58 0.8 0.8 0.8
173 17.3 10.64 10.64 10.64 0.8 0.8 0.8
174 17.4 10.7 10.7 10.7 0.8 0.8 0.8
175 17.5 10.76 10.76 10.76 0.8 0.8 0.8
176 17.6 10.82 10.82 10.82 0.8 0.8 0.8
177 17.7 10.88 10.88 10.88 0.8 0.8 0.8
178 17.8 10.94 10.94 10.94 0.8 0.8 0.8
179 17.9 11 11 11 0.8 0.8 0.8
180 18 11.06 11.06 11.06 0.8 0.8 0.8
181 18.1 11.12 11.12 11.12 0.8 0.8 0.8
182 18.2 11.18 11.18 11.18 0.8 0.8 0.8
183 18.3 11.24 11.24 11.24 0.8 0.8 0.8
184 18.4 11.3 11.3 11.3 0.8 0.8 0.8
185 18.5 11.36 11.36 11.36 0.8 0.8 0.8
186 18.6 11.42 11.42 11.42 0.8 0.8 0.8
187 18.7 11.48 11.48 11.48 0.8 0.8 0.8
188 18.8 11.54 11.54 11.54 0.8 0.8 0.8
189 18.9 11.6 11.6 11.6 0.8 0.8 0.8
190 19 11.66 11.66 11.66 0.8 0.8 0.8
191 19.1 11.72 11.72 11.72 0.8 0.8 0.8
192 19.2 11.78 11.78 11.78 0.8 0.8 0.8
193 19.3 11.84 11.84 11.84 0.8 0.8 0.8
194 19.4 11.9 11.9 11.9 0.8 0.8 0.8
195 19.5 11.96 11.96 11.96 0.8 0.8 0.8
196 19.6 12.02 12.02 12.02 0.8 0.8 0.8
197 19.7 12.08 12.08 12.08 0.8 0.8 0.8
198 19.8 12.14 12.14 12.14 0.8 0.8 0.8
199 19.9 12.2 12.2 12.2 0.8 0.8 0.8
200 20 12.26 12.26 12.26 0.8 0.8 0.8
201 20.1 12.32 12.32 12.32 0.8 0.8 0.8
202 20.2 12.38 12.38 12.38 0.8 0.8 0.8
203 20.3 12.44 12.44 12.44 0.8 0.8 0.8
204 20.4 12.5 12.5 12.5 0.8 0.8 0.8
205 20.5 12.56 12.56 12.56 0.8 0.8 0.8
206 20.6 12.62 12.62 12.62 0.8 0.8 0.8
207 20.7 12.68 12.68 12.68 0.8 0.8 0.8
208 20.8 12.74 12.74 12.74 0.8 0.8 0.8
209 20.9 12.8 12.8 12.8 0.8 0.8 0.8
210 21 12.86 12.86 12.86 0.8 0.8 0.8
211 21.1 12.92 12.92 12.92 0.8 0.8 0.8
212 21.2 12.98 12.98 12.98 0.8 0.8 0.8
213 21.3 13.04 13.04 13.04 0.8 0.8 0.8
214 21.4 13.1 13.1 13.1 0.8 0.8 0.8
215 21.5 13.16 13.16 13.16 0.8 0.8 0.8
216 21.6 13.22 13.22 13.22 0.8 0.8 0.8
217 21.7 13.28 13.28 13.28 0.8 0.8 0.8
218 21.8 13.34 13.34 13.34 0.8 0.8 0.8
219 21.9 13.4 13.4 13.4 0.8 0.8 0.8
220 22 13.46 13.46 13.46 0.8 0.8 0.8
221 22.1 13.52 13.52 13.52 0.8 0.8 0.8
222 22.2 13.58 13.58 13.58 0.8 0.8 0.8
223 22.3 13.64 13.64 13.64 0.8 0.8 0.8
224 22.4 13.7 13.7 13.7 0.8 0.8 0.8
225 22.5 13.76 13.76 13.76 0.8 0.8 0.8
226 22.6 13.82 13.82 13.82 0.8 0.8 0.8
227 22.7 13.88 13.88 13.88 0.8 0.8 0.8
228 22.8 13.94 13.94 13.94 0.8 0.8 0.8
229 22.9 14 14 14 0.8 0.8 0.8
230 23 14.06 14.06 14.06 0.8 0.8 0.8
231 23.1 14.12 14.12 14.12 0.8 0.8 0.8
232 23.2 14.18 14.18 14.18 0.8 0.8 0.8
233 23.3 14.24 14.24 14.24 0.8 0.8 0.8
234 23.4 14.3 14.3 14.3 0.8 0.8 0.8
235 23.5 14.36 14.36 14.36 0.8 0.8 0.8
236 23.6 14.42 14.42 14.42 0.8 0.8 0.8
237 23.7 14.48 14.48 14.48 0.8 0.8 0.8
238 23.8 14.54 14.54 14.54 0.8 0.8 0.8
239 23.9 14.6 14.6 14.6 0.8 0.8 0.8
240 24 14.66 14.66 14.66 0.8 0.8 0.8
241 24.1 14.72 14.72 14.72 0.8 0.8 0.8
242 24.2 14.78 14.78 14.78 0.8 0.8 0.8
243 24.3 14.84 14.84 14.84 0.8 0.8 0.8
244 24.4 14.9 14.9 14.9 0.8 0.8 0.8
245 24.5 14.96 14.96 14.96 0.8 0.8 0.8
246 24.6 15.02 15.02 15.02 0.8 0.8 0.8
247 24.7 15.08 15.08 15.08 0.8 0.8 0.8
248 24.8 15.14 15.14 15.14 0.8 0.8 0.8
249 24.9 15.2 15.2 15.2 0.8 0.8 0.8
250 25 15.26 15.26 15.26 0.8 0.8 0.8
251 25.1 15.32 15.32 15.32 0.8 0.8 0.8
252 25.2 15.38 15.38 15.38 0.8 0.8 0.8
253 25.3 15.44 15.44 15.44 0.8 0.8 0.8
254 25.4 15.5 15.5 15.5 0.8 0.8 0.8
255 25.5 15.56 15.56 15.56 0.8 0.8 0.8
256 25.6 15.62 15.62 15.62 0.8 0.8 0.8
257 25.7 15.68 15.68 15.68 0.8 0.8 0.8
258 25.8 15.74 15.74 15.74 0.8 0.8 0.8
259 25.9 15.8 15.8 15.8 0.8 0.8 0.8
260 26 15.86 15.86 15.86 0.8 0.8 0.8
261 26.1 15.92 15.92 15.92 0.8 0.8 0.8
262 26.2 15.98 15.98 15.98 0.8 0.8 0.8
263 26.3 16.04 16.04 16.04 0.8 0.8 0.8
264 26.4 16.1 16.1 16.1 0.8 0.8 0.8
265 26.5 16.16 16.16 16.16 0.8 0.8 0.8
266 26.6 16.22 16.22 16.22 0.8 0.8 0.8
267 26.7 16.28 16.28 16.28 0.8 0.8 0.8
268 26.8 16.34 16.34 16.34 0.8 0.8 0.8
269 26.9 16.4 16.4 16.4 0.8 0.8 0.8
270 27 16.46 16.46 16.46 0.8 0.8 0.8
271 27.1 16.52 16.52 16.52 0.8 0.8 0.8
272 27.2 16.58 16.58 16.58 0.8 0.8 0.8
273 27.3 16.64 16.64 16.64 0.8 0.8 0.8
274 27.4 16.7 16.7 16.7 0.8 0.8 0.8
275 27.5 16.76 16.76 16.76 0.8 0.8 0.8
276 27.6 16.82 16.82 16.82 0.8 0.8 0.8
277 27.7 16.88 16.88 16.88 0.8 0.8 0.8
278 27.8 16.94 16.94 16.94 0.8 0.8 0.8
279 27.9 17 17 17 0.8 0.8 0.8
280 28 17.06 17.06 17.06 0.8 0.8 0.8
281 28.1 17.12 17.12 17.12 0.8 0.8 0.8
282 28.2 17.18 17.18 17.18 0.8 0.8 0.8
283 28.3 17.24 17.24 17.24 0.8 0.8 0.8
284 28.4 17.3 17.3 17.3 0.8 0.8 0.8
285 28.5 17.36 17.36 17.36 0.8 0.8 0.8
286 28.6 17.42 17.42 17.42 0.8 0.8 0.8
287 28.7 17.48 17.48 17.48 0.8 0.8 0.8
288 28.8 17.54 17.54 17.54 0.8 0.8 0.8
289 28.9 17.6 17.6 17.6 0.8 0.8 0.8
290 29 17.66 17.66 17.66 0.8 0.8 0.8
291 29.1 17.72 17.72 17.72 0.8 0.8 0.8
292 29.2 17.78 17.78 17.78 0.8 0.8 0.8
293 29.3 17.84 17.84 17.84 0.8 0.8 0.8
294 29.4 17.9 17.9 17.9 0.8 0.8 0.8
295 29.5 17.96 17.96 17.96 0.8 0.8 0.8
296 29.6 18.02 18.02 18.02 0.8 0.8 0.8
297 29.7 18.08 18.08 18.08 0.8 0.8 0.8
298 29.8 18.14 18.14 18.14 0.8 0.8 0.8
299 29.9 18.2 18.2 18.2 0.8 0.8 0.8
300 30 18.26 18.26 18.26 0.8 0.8 0.8
301 30.1 18.32 18.32 18.32 0.8 0.8 0.8
302 30.2 18.38 18.38 18.38 0.8 0.8 0.8
303 30.3 18.44 18.44 18.44 0.8 0.8 0.8
304 30.4 18.5 18.5 18.5 0.8 0.8 0.8
305 30.5 18.56 18.56 18.56 0.8 0.8 0.8
306 30.6 18.62 18.62 18.62 0.8 0.8 0.8
307 30.7 18.68 18.68 18.68 0.8 0.8 0.8
308 30.8 18.74 18.74 18.74 0.8 0.8 0.8
309 30.9 18.8 18.8 18.8 0.8 0.8 0.8
310 31 18.86 18.86 18.86 0.8 0.8 0.8
311 31.1 18.92 18.92 18.92 0.8 0.8 0.8
312 31.2 18.98 18.98 18.98 0.8 0.8 0.8
313 31.3 19.04 19.04 19.04 0.8 0.8 0.8
314 31.4 19.1 19.1 19.1 0.8 0.8 0.8
315 31.5 19.16 19.16 19.16 0.8 0.8 0.8
316 31.6 19.22 19.22 19.22 0.8 0.8 0.8
317 31.7 19.28 19.28 19.28 0.8 0.8 0.8
318 31.8 19.34 19.34 19.34 0.8 0.8 0.8
319 31.9 19.4 19.4 19.4 0.8 0.8 0.8
320 32 19.46 19.46 19.46 0.8 0.8 0.8
321 32.1 19.52 19.52 19.52 0.8 0.8 0.8
322 32.2 19.58 19.58 19.58 0.8 0.8 0.8
323 32.3 19.64 19.64 19.64 0.8 0.8 0.8
324 32.4 19.7 19.7 19.7 0.8 0.8 0.8
325 32.5 19.76 19.76 19.76 0.8 0.8 0.8
326 32.6 19.82 19.82 19.82 0.8 0.8 0.8
327 32.7 19.88 19.88 19.88 0.8 0.8 0.8
328 32.8 19.94 19.94 19.94 0.8 0.8 0.8
329 32.9 20 20 20 0.8 0.8 0.8
330 33 20.06 20.06 20.06 0.8 0.8 0.8
331 33.1 20.12 20.12 20.12 0.8 0.8 0.8
332 33.2 20.18 20.18 20.18 0.8 0.8 0.8
333 33.3 20.24 20.24 20.24 0.8 0.8 0.8
334 33.4 20.3 20.3 20.3 0.8 0.8 0.8
335 33.5 20.36 20.36 20.36 0.8 0.8 0.8
336 33.6 20.42 20.42 20.42 0.8 0.8 0.8
337 33.7 20.48 20.48 20.48 0.8 0.8 0.8
338 33.8 20.54 20.54 20.54 0.8 0.8 0.8
339 33.9 20.6 20.6 20.6 0.8 0.8 0.8
340 34 20.66 20.66 20.66 0.8 0.8 0.8
341 34.1 20.72 20.72 20.72 0.8 0.8 0.8
342 34.2 20.78 20.78 20.78 0.8 0.8 0.8
343 34.3 20.84 20.84 20.84 0.8 0.8 0.8
344 34.4 20.9 20.9 20.9 0.8 0.8 0.8
345 34.5 20.96 20.96 20.96 0.8 0.8 0.8
346 34.6 21.02 21.02 21.02 0.8 0.8 0.8
347 34.7 21.08 21.08 21.08 0.8 0.8 0.8
348 34.8 21.14 21.14 21.14 0.8 0.8 0.8
349 34.9 21.2 21.2 21.2 0.8 0.8 0.8
350 35 21.26 21.26 21.26 0.8 0.8 0.8
351 35.1 21.32 21.32 21.32 0.8 0.8 0.8
352 35.2 21.38 21.38 21.38 0.8 0.8 0.8
353 35.3 21.44 21.44 21.44 0.8 0.8 0.8
354 35.4 21.5 21.5 21.5 0.8 0.8 0.8
355 35.5 21.56 21.56 21.56 0.8 0.8 0.8
356 35.6 21.62 21.62 21.62 0.8 0.8 0.8
357 35.7 21.68 21.68 21.68 0.8 0.8 0.8
358 35.8 21.74 21.74 21.74 0.8 0.8 0.8
359 35.9 21.8 21.8 21.8 0.8 0.8 0.8
360 36 21.86 21.86 21.86 0.8 0.8 0.8
361 36.1 21.92 21.92 21.92 0.8 0.8 0.8
362 36.2 21.98 21.98 21.98 0.8 0.8 0.8
363 36.3 22.04 22.04 22.04 0.8 0.8 0.8
364 36.4 22.1 22.1 22.1 0.8 0.8 0.8
365 36.5 22.16 22.16 22.16 0.8 0.8 0.8
366 36.6 22.22 22.22 22.22 0.8 0.8 0.8
367 36.7 22.28 22.28 22.28 0.8 0.8 0.8
368 36.8 22.34 22.34 22.34 0.8 0.8 0.8
369 36.9 22.4 22.4 22.4 0.8 0.8 0.8
370 37 22.46 22.46 22.46 0.8 0.8 0.8
371 37.1 22.52 22.52 22.52 0.8 0.8 0.8
372 37.2 22.58 22.58 22.58 0.8 0.8 0.8
373 37.3 22.64 22.64 22.64 0.8 0.8 0.8
374 37.4 22.7 22.7 22.7 0.8 0.8 0.8
375 37.5 22.76 22.76 22.76 0.8 0.8 0.8
376 37.6 22.82 22.82 22.82 0.8 0.8 0.8
377 37.7 22.88 22.88 22.88 0.8 0.8 0.8
378 37.8 22.94 22.94 22.94 0.8 0.8 0.8
379 37.9 23 23 23 0.8 0.8 0.8
380 38 23.06 23.06 23.06 0.8 0.8 0.8
381 38.1 23.12 23.12 23.12 0.8 0.8 0.8
382 38.2 23.18 23.18 23.18 0.8 0.8 0.8
383 38.3 23.24 23.24 23.24 0.8 0.8 0.8
384 38.4 23.3 23.3 23.3 0.8 0.8 0.8
385 38.5 23.36 23.36 23.36 0.8 0.8 0.8
386 38.6 23.42 23.42 23.42 0.8 0.8 0.8
387 38.7 23.48 23.48 23.48 0.8 0.8 0.8
388 38.8 23.54 23.54 23.54 0.8 0.8 0.8
389 38.9 23.6 23.6 23.6 0.8 0.8 0.8
390 39 23.66 23.66 23.66 0.8 0.8 0.8
391 39.1 23.72 23.72 23.72 0.8 0.8 0.8
392 39.2 23.78 23.78 23.78 0.8 0.8 0.8
393 39.3 23.84 23.84 23.84 0.8 0.8 0.8
394 39.4 23.9 23.9 23.9 0.8 0.8 0.8
395 39.5 23.96 23.96 23.96 0.8 0.8 0.8
396 39.6 24.02 24.02 24.02 0.8 0.8 0.8
397 39.7 24.08 24.08 24.08 0.8 0.8 0.8
398 39.8 24.14 24.14 24.14 0.8 0.8 0.8
399 39.9 24.2 24.2 24.2 0.8 0.8 0.8
400 40 24.26 24.26 24.26 0.8 0.8 0.8
401 40.1 24.32 24.32 24.32 0.8 0.8 0.8
402 40.2 24.38 24.38 24.38 0.8 0.8 0.8
403 40.3 24.44 24.44 24.44 0.8 0.8 0.8
404 40.4 24.5 24.5 24.5 0.8 0.8 0.8
405 40.5 24.56 24.56 24.56 0.8 0.8 0.8
406 40.6 24.62 24.62 24.62 0.8 0.8 0.8
407 40.7 24.68 24.68 24.68 0.8 0.8 0.8
408 40.8 24.74 24.74 24.74 0.8 0.8 0.8
409 40.9 24.8 24.8 24.8 0.8 0.8 0.8
410 41 24.86 24.86 24.86 0.8 0.8 0.8
411 41.1 24.92 24.92 24.92 0.8 0.8 0.8
412 41.2 24.98 24.98 24.98 0.8 0.8 0.8
413 41.3 25.04 25.04 25.04 0.8 0.8 0.8
414 41.4 25.1 25.1 25.1 0.8 0.8 0.8
415 41.5 25.16 25.16 25.16 0.8 0.8 0.8
416 41.6 25.22 25.22 25.22 0.8 0.8 0.8
417 41.7 25.28 25.28 25.28 0.8 0.8 0.8
418 41.8 25.34 25.34 25.34 0.8 0.8 0.8
419 41.9 25.4 25.4 25.4 0.8 0.8 0.8
420 42 25.46 25.46 25.46 0.8 0.8 0.8
421 42.1 25.52 25.52 25.52 0.8 0.8 0.8
422 42.2 25.58 25.58 25.58 0.8 0.8 0.8
423 42.3 25.64 25.64 25.64 0.8 0.8 0.8
424 42.4 25.7 25.7 25.7 0.8 0.8 0.8
425 42.5 25.76 25.76 25.76 0.8 0.8 0.8
426 42.6 25.82 25.82 25.82 0.8 0.8 0.8
427 42.7 25.88 25.88 25.88 0.8 0.8 0.8
428 42.8 25.94 25.94 25.94 0.8 0.8 0.8
429 42.9 26 26 26 0.8 0.8 0.8
430 43 26.06 26.06 26.06 0.8 0.8 0.8
431 43.1 26.12 26.12 26.12 0.8 0.8 0.8
432 43.2 26.18 26.18 26.18 0.8 0.8 0.8
433 43.3 26.24 26.24 26.24 0.8 0.8 0.8
434 43.4 26.3 26.3 26.3 0.8 0.8 0.8
435 43.5 26.36 26.36 26.36 0.8 0.8 0.8
436 43.6 26.42 26.42 26.42 0.8 0.8 0.8
437 43.7 26.48 26.48 26.48 0.8 0.8 0.8
438 43.8 26.54 26.54 26.54 0.8 0.8 0.8
439 43.9 26.6 26.6 26.6 0.8 0.8 0.8
440 44 26.66 26.66 26.66 0.8 0.8 0.8
441 44.1 26.72 26.72 26.72 0.8 0.8 0.8
442 44.2 26.78 26.78 26.78 0.8 0.8 0.8
443 44.3 26.84 26.84 26.84 0.8 0.8 0.8
444 44.4 26.9 26.9 26.9 0.8 0.8 0.8
445 44.5 26.96 26.96 26.96 0.8 0.8 0.8
446 44.6 27.02 27.02 27.02 0.8 0.8 0.8
447 44.7 27.08 27.08 27.08 0.8 0.8 0.8
448 44.8 27.14 27.14 27.14 0.8 0.8 0.8
449 44.9 27.2 27.2 27.2 0.8 0.8 0.8
450 45 27.26 27.26 27.26 0.8 0.8 0.8
451 45.1 27.32 27.32 27.32 0.8 0.8 0.8
452 45.2 27.38 27.38 27.38 0.8 0.8 0.8
453 45.3 27.44 27.44 27.44 0.8 0.8 0.8
454 45.4 27.5 27.5 27.5 0.8 0.8 0.8
455 45.5 27.56 27.56 27.56 0.8 0.8 0.8
456 45.6 27.62 27.62 27.62 0.8 0.8 0.8
457 45.7 27.68 27.68 27.68 0.8 0.8 0.8
458 45.8 27.74 27.74 27.74 0.8 0.8 0.8
459 45.9 27.8 27.8 27.8 0.8 0.8 0.8
460 46 27.86 27.86 27.86 0.8 0.8 0.8
461 46.1 27.92 27.92 27.92 0.8 0.8 0.8
462 46.2 27.98 27.98 27.98 0.8 0.8 0.8
463 46.3 28.04 28.04 28.04 0.8 0.8 0.8
464 46.4 28.1 28.1 28.1 0.8 0.8 0.8
465 46.5 28.16 28.16 28.16 0.8 0.8 0.8
466 46.6 28.22 28.22 28.22 0.8 0.8 0.8
467 46.7 28.28 28.28 28.28 0.8 0.8 0.8
468 46.8 28.34 28.34 28.34 0.8 0.8 0.8
469 46.9 28.4 28.4 28.4 0.8 0.8 0.8
470 47 28.46 28.46 28.46 0.8 0.8 0.8
471 47.1 28.52 28.52 28.52 0.8 0.8 0.8
472 47.2 28.58 28.58 28.58 0.8 0.8 0.8
473 47.3 28.64 28.64 28.64 0.8 0.8 0.8
474 47.4 28.7 28.7 28.7 0.8 0.8 0.8
475 47.5 28.76 28.76 28.76 0.8 0.8 0.8
476 47.6 28.82 28.82 28.82 0.8 0.8 0.8
477 47.7 28.88 28.88 28.88 0.8 0.8 0.8
478 47.8 28.94 28.94 28.94 0.8 0.8 0.8
479 47.9 29 29 29 0.8 0.8 0.8
480 48 29.06 29.06 29.06 0.8 0.8 0.8
481 48.1 29.12 29.12 29.12 0.8 0.8 0.8
482 48.2 29.18 29.18 29.18 0.8 0.8 0.8
483 48.3 29.24 29.24 29.24 0.8 0.8 0.8
484 48.4 29.3 29.3 29.3 0.8 0.8 0.8
485 48.5 29.36 29.36 29.36 0.8 0.8 0.8
486 48.6 29.42 29.42 29.42 0.8 0.8 0.8
487 48.7 29.48 29.48 29.48 0.8 0.8 0.8
488 48.8 29.54 29.54 29.54 0.8 0.8 0.8
489 48.9 29.6 29.6 29.6 0.8 0.8 0.8
490 49 29.66 29.66 29.66 0.8 0.8 0.8
491 49.1 29.72 29.72 29.72 0.8 0.8 0.8
492 49.2 29.78 29.78 29.78 0.8 0.8 0.8
493 49.3 29.84 29.84 29.84 0.8 0.8 0.8
494 49.4 29.9 29.9 29.9 0.8 0.8 0.8
495 49.5 29.96 29.96 29.96 0.8 0.8 0.8
496 49.6 30.02 30.02 30.02 0.8 0.8 0.8
497 49.7 30.08 30.08 30.08 0.8 0.8 0.8
498 49.8 30.14 30.14 30.14 0.8 0.8 0.8
499 49.9 30.2 30.2 30.2 0.8 0.8 0.8
