0 0 5.67811e-05 2.99896e-06 0 -2636.67 99965.2 0
1 3e-11 5.6544e-05 5.98957e-06 0 -7903.61 99687.2 0
2 6e-11 5.61495e-05 8.96353e-06 0 -13148.5 99131.8 0
3 9e-11 5.55988e-05 1.19125e-05 0 -18356.9 98300.7 0
4 1.2e-10 5.48934e-05 1.48284e-05 0 -23514.2 97196.1 0
5 1.5e-10 5.40352e-05 1.77031e-05 0 -28606.1 95821.1 0
6 1.8e-10 5.30266e-05 2.05285e-05 0 -33618.4 94179.6 0
7 2.1e-10 5.18705e-05 2.32967e-05 0 -38537.2 92276.1 0
8 2.4e-10 5.05701e-05 2.60002e-05 0 -43348.8 90115.9 0
9 2.7e-10 4.91289e-05 2.86314e-05 0 -48039.8 87705 0
10 3e-10 4.75509e-05 3.11829e-05 0 -52597.2 85050.2 0
11 3.3e-10 4.58407e-05 3.36476e-05 0 -57008.3 82158.7 0
12 3.6e-10 4.40029e-05 3.60188e-05 0 -61260.7 79038.7 0
13 3.9e-10 4.20426e-05 3.82898e-05 0 -65342.8 75698.9 0
14 4.2e-10 3.99653e-05 4.04542e-05 0 -69243.1 72148.4 0
15 4.5e-10 3.77768e-05 4.25061e-05 0 -72950.7 68397.3 0
16 4.8e-10 3.54831e-05 4.44398e-05 0 -76455.5 64455.9 0
17 5.1e-10 3.30907e-05 4.62499e-05 0 -79747.5 60335.2 0
18 5.4e-10 3.06062e-05 4.79313e-05 0 -82817.7 56046.6 0
19 5.7e-10 2.80364e-05 4.94793e-05 0 -85657.6 51602.2 0
20 6e-10 2.53887e-05 5.08898e-05 0 -88259.1 47014.2 0
21 6.3e-10 2.26702e-05 5.21586e-05 0 -90615.1 42295.4 0
22 6.6e-10 1.98886e-05 5.32824e-05 0 -92719.1 37458.9 0
23 6.9e-10 1.70517e-05 5.42579e-05 0 -94565.1 32518.3 0
24 7.2e-10 1.41672e-05 5.50825e-05 0 -96148.1 27487.1 0
25 7.5e-10 1.12433e-05 5.57539e-05 0 -97463.6 22379.6 0
26 7.8e-10 8.28809e-06 5.62702e-05 0 -98508 17209.7 0
27 8.1e-10 5.30974e-06 5.663e-05 0 -99278.4 11992 0
28 8.4e-10 2.31656e-06 5.68322e-05 0 -99772.5 6740.98 0
29 8.7e-10 -6.83114e-07 5.68763e-05 0 -99989.2 1471.16 0
30 9e-10 -3.68094e-06 5.67623e-05 0 -99927.7 -3802.74 0
31 9.3e-10 -6.66859e-06 5.64903e-05 0 -99588.2 -9066.07 0
32 9.6e-10 -9.63774e-06 5.60612e-05 0 -98971.7 -14304.2 0
33 9.9e-10 -1.25801e-05 5.54761e-05 0 -98079.8 -19502.5 0
34 1.02e-09 -1.54876e-05 5.47367e-05 0 -96915.2 -24646.6 0
35 1.05e-09 -1.8352e-05 5.3845e-05 0 -95480.9 -29722.1 0
36 1.08e-09 -2.11654e-05 5.28036e-05 0 -93781 -34714.9 0
37 1.11e-09 -2.39201e-05 5.16152e-05 0 -91820.2 -39611.1 0
38 1.14e-09 -2.66082e-05 5.02833e-05 0 -89604.1 -44397.2 0
39 1.17e-09 -2.92223e-05 4.88115e-05 0 -87138.6 -49059.8 0
40 1.2e-09 -3.17553e-05 4.7204e-05 0 -84430.8 -53585.9 0
41 1.23e-09 -3.41999e-05 4.54651e-05 0 -81488.1 -57962.9 0
42 1.26e-09 -3.65495e-05 4.35997e-05 0 -78318.7 -62178.7 0
43 1.29e-09 -3.87974e-05 4.16131e-05 0 -74931.4 -66221.5 0
44 1.32e-09 -4.09375e-05 3.95107e-05 0 -71335.7 -70080.1 0
45 1.35e-09 -4.29637e-05 3.72984e-05 0 -67541.6 -73743.7 0
46 1.38e-09 -4.48705e-05 3.49823e-05 0 -63559.5 -77202.2 0
47 1.41e-09 -4.66525e-05 3.25689e-05 0 -59400.7 -80446 0
48 1.44e-09 -4.83048e-05 3.00649e-05 0 -55076.6 -83466 0
49 1.47e-09 -4.98228e-05 2.74773e-05 0 -50599.3 -86253.7 0
50 1.5e-09 -5.12022e-05 2.48133e-05 0 -45981.3 -88801.6 0
51 1.53e-09 -5.24393e-05 2.20802e-05 0 -41235.3 -91102.4 0
52 1.56e-09 -5.35305e-05 1.92857e-05 0 -36374.6 -93149.8 0
53 1.59e-09 -5.44729e-05 1.64376e-05 0 -31412.8 -94938.1 0
54 1.62e-09 -5.52638e-05 1.35437e-05 0 -26363.6 -96462.2 0
55 1.65e-09 -5.59011e-05 1.06122e-05 0 -21241 -97718.1 0
56 1.68e-09 -5.63828e-05 7.65109e-06 0 -16059.3 -98702.1 0
57 1.71e-09 -5.67078e-05 4.66874e-06 0 -10833 -99411.5 0
58 1.74e-09 -5.68751e-05 1.67341e-06 0 -5576.52 -99844.4 0
59 1.77e-09 -5.68843e-05 -1.32657e-06 0 -304.534 -99999.5 0
60 1.8e-09 -5.67352e-05 -4.32287e-06 0 4968.3 -99876.5 0
61 1.83e-09 -5.64284e-05 -7.30714e-06 0 10227.3 -99475.6 0
62 1.86e-09 -5.59647e-05 -1.02711e-05 0 15457.9 -98798 0
63 1.89e-09 -5.53453e-05 -1.32064e-05 0 20645.4 -97845.6 0
64 1.92e-09 -5.4572e-05 -1.61051e-05 0 25775.6 -96621 0
65 1.95e-09 -5.3647e-05 -1.89589e-05 0 30834 -95127.6 0
66 1.98e-09 -5.25728e-05 -2.176e-05 0 35806.6 -93369.6 0
67 2.01e-09 -5.13524e-05 -2.45006e-05 0 40679.7 -91351.9 0
68 2.04e-09 -4.99892e-05 -2.7173e-05 0 45439.6 -89080 0
69 2.07e-09 -4.8487e-05 -2.97698e-05 0 50073 -86560.3 0
70 2.1e-09 -4.685e-05 -3.22838e-05 0 54567.2 -83799.9 0
71 2.13e-09 -4.50827e-05 -3.47079e-05 0 58909.6 -80806.3 0
72 2.16e-09 -4.31901e-05 -3.70356e-05 0 63088.1 -77587.9 0
73 2.19e-09 -4.11774e-05 -3.92602e-05 0 67091.2 -74153.7 0
74 2.22e-09 -3.90501e-05 -4.13756e-05 0 70907.5 -70513.3 0
75 2.25e-09 -3.68143e-05 -4.33759e-05 0 74526.7 -66676.6 0
76 2.28e-09 -3.44762e-05 -4.52555e-05 0 77938.5 -62654.5 0
77 2.31e-09 -3.20422e-05 -4.70093e-05 0 81133.5 -58458.1 0
78 2.34e-09 -2.95191e-05 -4.86322e-05 0 84102.8 -54099.1 0
79 2.37e-09 -2.69139e-05 -5.01199e-05 0 86838.2 -49589.6 0
80 2.4e-09 -2.4234e-05 -5.14682e-05 0 89332 -44942.1 0
81 2.43e-09 -2.14867e-05 -5.26733e-05 0 91577.3 -40169.7 0
82 2.46e-09 -1.86796e-05 -5.37318e-05 0 93567.8 -35285.4 0
83 2.49e-09 -1.58207e-05 -5.46409e-05 0 95298.1 -30303.1 0
84 2.52e-09 -1.29178e-05 -5.5398e-05 0 96763.2 -25236.4 0
85 2.55e-09 -9.97901e-06 -5.6001e-05 0 97959.2 -20099.5 0
86 2.58e-09 -7.01253e-06 -5.64482e-05 0 98882.7 -14906.7 0
87 2.61e-09 -4.02659e-06 -5.67384e-05 0 99531.1 -9672.46 0
88 2.64e-09 -1.02951e-06 -5.68707e-05 0 99902.7 -4411.3 0
89 2.67e-09 1.97037e-06 -5.68449e-05 0 99996.3 862.136 0
90 2.7e-09 4.96473e-06 -5.66609e-05 0 99811.7 6133.17 0
91 2.73e-09 7.94521e-06 -5.63193e-05 0 99349.5 11387.1 0
92 2.76e-09 1.09035e-05 -5.5821e-05 0 98611 16609.4 0
93 2.79e-09 1.38315e-05 -5.51674e-05 0 97598.1 21785.5 0
94 2.82e-09 1.67209e-05 -5.43604e-05 0 96313.7 26901 0
95 2.85e-09 1.95637e-05 -5.34021e-05 0 94761.4 31941.7 0
96 2.88e-09 2.23521e-05 -5.22953e-05 0 92945.5 36893.5 0
97 2.91e-09 2.50782e-05 -5.1043e-05 0 90871.1 41742.7 0
98 2.94e-09 2.77346e-05 -4.96488e-05 0 88543.8 46475.7 0
99 2.97e-09 3.03137e-05 -4.81164e-05 0 85970.3 51079.5 0
100 3e-09 3.28084e-05 -4.64502e-05 0 83157.6 55541.2 0
101 3.03e-09 3.52118e-05 -4.46547e-05 0 80113.5 59848.3 0
102 3.06e-09 3.75172e-05 -4.2735e-05 0 76846.6 63989 0
103 3.09e-09 3.97182e-05 -4.06965e-05 0 73366 67951.7 0
104 3.12e-09 4.18086e-05 -3.85447e-05 0 69681.2 71725.4 0
105 3.15e-09 4.37827e-05 -3.62857e-05 0 65802.6 75299.5 0
106 3.18e-09 4.56349e-05 -3.39258e-05 0 61741 78664.2 0
107 3.21e-09 4.73601e-05 -3.14715e-05 0 57507.6 81810 0
108 3.24e-09 4.89536e-05 -2.89297e-05 0 53114.2 84728.3 0
109 3.27e-09 5.04108e-05 -2.63073e-05 0 48573.1 87410.8 0
110 3.3e-09 5.17277e-05 -2.36118e-05 0 43896.9 89850.2 0
111 3.33e-09 5.29006e-05 -2.08506e-05 0 39098.5 92039.7 0
112 3.36e-09 5.39264e-05 -1.80314e-05 0 34191.4 93973.1 0
113 3.39e-09 5.4802e-05 -1.51621e-05 0 29189.2 95645.1 0
114 3.42e-09 5.55252e-05 -1.22506e-05 0 24105.8 97051.1 0
115 3.45e-09 5.60939e-05 -9.30495e-06 0 18955.3 98187.1 0
116 3.48e-09 5.65064e-05 -6.33345e-06 0 13752.1 99049.9 0
117 3.51e-09 5.67618e-05 -3.34433e-06 0 8510.62 99637.2 0


118 3.54e-09 5.68591e-05 -3.45914e-07 0 3245.48 99947.3 0
119 3.57e-09 5.67983e-05 2.65347e-06 0 -2028.69 99979.4 0
120 3.6e-09 5.65793e-05 5.64547e-06 0 -7297.21 99733.4 0
121 3.63e-09 5.6203e-05 8.62177e-06 0 -12545.4 99209.9 0
122 3.66e-09 5.56702e-05 1.15741e-05 0 -17758.8 98410.5 0
123 3.69e-09 5.49825e-05 1.44942e-05 0 -22922.7 97337.3 0
124 3.72e-09 5.41419e-05 1.7374e-05 0 -28022.9 95993.3 0
125 3.75e-09 5.31505e-05 2.02055e-05 0 -33045.1 94382.3 0
126 3.78e-09 5.20112e-05 2.29807e-05 0 -37975.3 92508.8 0
127 3.81e-09 5.07272e-05 2.56921e-05 0 -42800 90377.9 0
128 3.84e-09 4.93021e-05 2.83319e-05 0 -47505.6 87995.6 0
129 3.87e-09 4.77397e-05 3.0893e-05 0 -52079 85368.5 0
130 3.9e-09 4.60445e-05 3.33681e-05 0 -56507.6 82503.9 0
131 3.93e-09 4.42211e-05 3.57504e-05 0 -60778.9 79409.8 0
132 3.96e-09 4.22747e-05 3.80333e-05 0 -64881.2 76094.9 0
133 3.99e-09 4.02106e-05 4.02103e-05 0 -68803 72568.2 0
134 4.02e-09 3.80346e-05 4.22755e-05 0 -72533.4 68839.7 0
135 4.05e-09 3.57527e-05 4.42231e-05 0 -76062.1 64919.7 0
136 4.08e-09 3.33713e-05 4.60477e-05 0 -79379.1 60819 0
137 4.11e-09 3.08971e-05 4.77441e-05 0 -82475.4 56549.2 0
138 4.14e-09 2.83368e-05 4.93078e-05 0 -85342.2 52122.1 0
139 4.17e-09 2.56977e-05 5.07343e-05 0 -87971.6 47550 0
140 4.2e-09 2.2987e-05 5.20197e-05 0 -90356.2 42845.6 0
141 4.23e-09 2.02123e-05 5.31603e-05 0 -92489.6 38022.1 0
142 4.26e-09 1.73813e-05 5.41531e-05 0 -94365.6 33092.8 0
143 4.29e-09 1.4502e-05 5.49952e-05 0 -95979.2 28071.4 0
144 4.32e-09 1.15822e-05 5.56844e-05 0 -97325.7 22971.9 0
145 4.35e-09 8.63014e-06 5.62187e-05 0 -98401.5 17808.5 0
146 4.38e-09 5.65403e-06 5.65965e-05 0 -99203.6 12595.6 0
147 4.41e-09 2.66214e-06 5.6817e-05 0 -99729.7 7347.62 0
148 4.44e-09 -3.37211e-07 5.68793e-05 0 -99978.4 2079.22 0
149 4.47e-09 -3.33568e-06 5.67835e-05 0 -99948.9 -3194.97 0
150 4.5e-09 -6.32492e-06 5.65297e-05 0 -99641.5 -8460.26 0
151 4.53e-09 -9.29663e-06 5.61186e-05 0 -99056.8 -13702 0
152 4.56e-09 -1.22425e-05 5.55514e-05 0 -98196.6 -18905.7 0
153 4.59e-09 -1.51544e-05 5.48297e-05 0 -97063.2 -24056.7 0
154 4.62e-09 -1.80242e-05 5.39555e-05 0 -95659.9 -29140.9 0
155 4.65e-09 -2.08439e-05 5.29312e-05 0 -93990.4 -34143.9 0
156 4.68e-09 -2.36057e-05 5.17596e-05 0 -92059.4 -39052 0
157 4.71e-09 -2.63019e-05 5.04441e-05 0 -89872.4 -43851.5 0
158 4.74e-09 -2.89249e-05 4.89882e-05 0 -87435.4 -48528.9 0
159 4.77e-09 -3.14676e-05 4.73961e-05 0 -84755.1 -53071.4 0
160 4.8e-09 -3.39228e-05 4.56721e-05 0 -81839.1 -57466.2 0
161 4.83e-09 -3.62836e-05 4.38211e-05 0 -78695.4 -61701.2 0
162 4.86e-09 -3.85436e-05 4.18481e-05 0 -75332.7 -65764.6 0
163 4.89e-09 -4.06964e-05 3.97588e-05 0 -71760.6 -69645 0
164 4.92e-09 -4.27361e-05 3.75588e-05 0 -67988.8 -73331.6 0
165 4.95e-09 -4.46569e-05 3.52544e-05 0 -64027.9 -76814.3 0
166 4.98e-09 -4.64536e-05 3.28519e-05 0 -59888.8 -80083.3 0
167 5.01e-09 -4.81211e-05 3.0358e-05 0 -55583.2 -83129.5 0
168 5.04e-09 -4.96548e-05 2.77797e-05 0 -51122.9 -85944.4 0
169 5.07e-09 -5.10504e-05 2.51241e-05 0 -46520.5 -88520.3 0
170 5.1e-09 -5.23041e-05 2.23986e-05 0 -41788.6 -90850 0
171 5.13e-09 -5.34123e-05 1.96108e-05 0 -36940.5 -92926.9 0
172 5.16e-09 -5.4372e-05 1.67684e-05 0 -31989.6 -94745.3 0
173 5.19e-09 -5.51804e-05 1.38794e-05 0 -26949.7 -96300.1 0
174 5.22e-09 -5.58355e-05 1.09518e-05 0 -21834.9 -97587.1 0
175 5.25e-09 -5.63353e-05 7.99372e-06 0 -16659.3 -98602.6 0
176 5.28e-09 -5.66784e-05 5.0134e-06 0 -11437.4 -99343.8 0
177 5.31e-09 -5.68639e-05 2.01915e-06 0 -6183.62 -99808.6 0
178 5.34e-09 -5.68913e-05 -9.80729e-07 0 -912.673 -99995.8 0
179 5.37e-09 -5.67605e-05 -3.97788e-06 0 4360.81 -99904.9 0
180 5.4e-09 -5.64718e-05 -6.96395e-06 0 9622.16 -99536 0
181 5.43e-09 -5.60261e-05 -9.93066e-06 0 14856.7 -98890.2 0
182 5.46e-09 -5.54246e-05 -1.28697e-05 0 20050 -97969.4 0
183 5.49e-09 -5.4669e-05 -1.5773e-05 0 25187.5 -96776 0
184 5.52e-09 -5.37613e-05 -1.86324e-05 0 30254.9 -95313.4 0
185 5.55e-09 -5.27042e-05 -2.144e-05 0 35238.1 -93585.6 0
186 5.58e-09 -5.15005e-05 -2.41879e-05 0 40123.4 -91597.6 0
187 5.61e-09 -5.01536e-05 -2.68686e-05 0 44897 -89354.7 0
188 5.64e-09 -4.86672e-05 -2.94745e-05 0 49545.7 -86863.2 0
189 5.67e-09 -4.70455e-05 -3.19984e-05 0 54056.6 -84130.2 0
190 5.7e-09 -4.5293e-05 -3.44333e-05 0 58417.1 -81163.1 0
191 5.73e-09 -4.34145e-05 -3.67724e-05 0 62615.1 -77970.2 0
192 5.76e-09 -4.14154e-05 -3.90092e-05 0 66639 -74560.4 0
193 5.79e-09 -3.9301e-05 -4.11375e-05 0 70477.4 -70943.2 0
194 5.82e-09 -3.70774e-05 -4.31513e-05 0 74119.8 -67128.6 0
195 5.85e-09 -3.47508e-05 -4.50451e-05 0 77556 -63127.3 0
196 5.88e-09 -3.23275e-05 -4.68137e-05 0 80776.5 -58950.5 0
197 5.91e-09 -2.98143e-05 -4.84519e-05 0 83772.3 -54609.6 0
198 5.94e-09 -2.72182e-05 -4.99555e-05 0 86535 -50116.8 0
199 5.97e-09 -2.45465e-05 -5.132e-05 0 89057 -45484.6 0
200 6e-09 -2.18066e-05 -5.25418e-05 0 91331.3 -40725.8 0
201 6.03e-09 -1.90061e-05 -5.36174e-05 0 93351.5 -35853.8 0
202 6.06e-09 -1.61527e-05 -5.45438e-05 0 95112 -30882.1 0
203 6.09e-09 -1.32545e-05 -5.53186e-05 0 96608 -25824.4 0
204 6.12e-09 -1.03194e-05 -5.59394e-05 0 97835.2 -20694.9 0
205 6.15e-09 -7.35569e-06 -5.64046e-05 0 98790.2 -15507.8 0
206 6.18e-09 -4.37157e-06 -5.6713e-05 0 99470.5 -10277.6 0
207 6.21e-09 -1.37535e-06 -5.68635e-05 0 99874 -5018.77 0
208 6.24e-09 1.62464e-06 -5.68559e-05 0 99999.7 253.995 0
209 6.27e-09 4.62005e-06 -5.66901e-05 0 99847.2 5526.06 0
210 6.3e-09 7.60256e-06 -5.63667e-05 0 99417 10782.7 0
211 6.33e-09 1.05639e-05 -5.58864e-05 0 98710.2 16009.4 0
212 6.36e-09 1.34957e-05 -5.52506e-05 0 97728.8 21191.6 0
213 6.39e-09 1.639e-05 -5.44612e-05 0 96475.5 26314.8 0
214 6.42e-09 1.92386e-05 -5.35202e-05 0 94953.9 31364.8 0
215 6.45e-09 2.20337e-05 -5.24304e-05 0 93168.2 36327.6 0
216 6.48e-09 2.47674e-05 -5.11947e-05 0 91123.2 41189.3 0
217 6.51e-09 2.74321e-05 -4.98166e-05 0 88824.8 45936.4 0
218 6.54e-09 3.00205e-05 -4.83e-05 0 86279.3 50555.7 0
219 6.57e-09 3.25253e-05 -4.66489e-05 0 83493.8 55034.4 0
220 6.6e-09 3.49396e-05 -4.48681e-05 0 80476 59360 0
221 6.63e-09 3.72566e-05 -4.29625e-05 0 77234.4 63520.5 0
222 6.66e-09 3.94699e-05 -4.09374e-05 0 73777.9 67504.3 0
223 6.69e-09 4.15734e-05 -3.87984e-05 0 70116.1 71300.3 0
224 6.72e-09 4.35612e-05 -3.65514e-05 0 66259.3 74897.9 0
225 6.75e-09 4.54278e-05 -3.42028e-05 0 62218.2 78287.2 0
226 6.78e-09 4.71679e-05 -3.17591e-05 0 58004.1 81458.8 0
227 6.81e-09 4.87767e-05 -2.9227e-05 0 53628.5 84403.7 0
228 6.84e-09 5.02498e-05 -2.66135e-05 0 49103.8 87113.8 0
229 6.87e-09 5.15831e-05 -2.39261e-05 0 44442.5 89581.6 0
230 6.9e-09 5.27728e-05 -2.11721e-05 0 39657.5 91800.2 0
231 6.93e-09 5.38157e-05 -1.83592e-05 0 34762.3 93763.4 0
232 6.96e-09 5.47088e-05 -1.54952e-05 0 29770.3 95465.8 0
233 6.99e-09 5.54497e-05 -1.25881e-05 0 24695.5 96902.7 0
234 7.02e-09 5.60362e-05 -9.64603e-06 0 19552.1 98070 0
235 7.05e-09 5.64669e-05 -6.6771e-06 0 14354.2 98964.4 0
236 7.08e-09 5.67404e-05 -3.68959e-06 0 9116.4 99583.6 0
237 7.11e-09 5.6856e-05 -6.91815e-07 0 3853.25 99925.7 0
238 7.14e-09 5.68133e-05 2.30788e-06 0 -1420.63 99989.9 0
239 7.17e-09 5.66126e-05 5.30116e-06 0 -6690.55 99775.9 0
240 7.2e-09 5.62544e-05 8.27969e-06 0 -11941.9 99284.4 0
241 7.23e-09 5.57396e-05 1.12352e-05 0 -17160 98516.7 0
242 7.26e-09 5.50697e-05 1.41594e-05 0 -22330.3 97474.9 0
243 7.29e-09 5.42465e-05 1.70443e-05 0 -27438.6 96162 0
244 7.32e-09 5.32724e-05 1.98817e-05 0 -32470.5 94581.5 0
245 7.35e-09 5.215e-05 2.26639e-05 0 -37412 92738 0
246 7.38e-09 5.08825e-05 2.5383e-05 0 -42249.6 90636.5 0
247 7.41e-09 4.94735e-05 2.80315e-05 0 -46969.5 88282.9 0
248 7.44e-09 4.79267e-05 3.0602e-05 0 -51558.9 85683.6 0
249 7.47e-09 4.62466e-05 3.30874e-05 0 -56004.8 82846 0
250 7.5e-09 4.44377e-05 3.54807e-05 0 -60294.9 79778 0
251 7.53e-09 4.25052e-05 3.77753e-05 0 -64417.2 76488 0
252 7.56e-09 4.04544e-05 3.99649e-05 0 -68360.4 72985.3 0
253 7.59e-09 3.8291e-05 4.20433e-05 0 -72113.4 69279.5 0
254 7.62e-09 3.6021e-05 4.40047e-05 0 -75665.9 65381 0
255 7.65e-09 3.36508e-05 4.58437e-05 0 -79007.8 61300.7 0
256 7.68e-09 3.11869e-05 4.75552e-05 0 -82129.9 57049.8 0
257 7.71e-09 2.86362e-05 4.91344e-05 0 -85023.6 52640.2 0
258 7.74e-09 2.60057e-05 5.0577e-05 0 -87680.8 48084.1 0
259 7.77e-09 2.33029e-05 5.18788e-05 0 -90094 43394.4 0
260 7.8e-09 2.05352e-05 5.30363e-05 0 -92256.6 38583.9 0
261 7.83e-09 1.77103e-05 5.40463e-05 0 -94162.6 33666 0
262 7.86e-09 1.48361e-05 5.49059e-05 0 -95806.7 28654.5 0
263 7.89e-09 1.19206e-05 5.56128e-05 0 -97184.2 23563.3 0
264 7.92e-09 8.97187e-06 5.6165e-05 0 -98291.4 18406.6 0
265 7.95e-09 5.99812e-06 5.6561e-05 0 -99125.2 13198.6 0
266 7.98e-09 3.00762e-06 5.67996e-05 0 -99683.2 7953.98 0
267 8.01e-09 8.70365e-09 5.68802e-05 0 -99963.9 2687.2 0
268 8.04e-09 -2.99029e-06 5.68026e-05 0 -99966.5 -2587.07 0
269 8.07e-09 -5.98102e-06 5.6567e-05 0 -99691.1 -7854.14 0
270 8.1e-09 -8.95517e-06 5.6174e-05 0 -99138.3 -13099.4 0
271 8.13e-09 -1.19045e-05 5.56247e-05 0 -98309.8 -18308.1 0
272 8.16e-09 -1.48207e-05 5.49208e-05 0 -97207.8 -23466 0
273 8.19e-09 -1.76958e-05 5.4064e-05 0 -95835.3 -28558.6 0
274 8.22e-09 -2.05216e-05 5.30569e-05 0 -94196.3 -33571.7 0
275 8.25e-09 -2.32905e-05 5.19021e-05 0 -92295.2 -38491.4 0
276 8.28e-09 -2.59946e-05 5.0603e-05 0 -90137.4 -43304.1 0
277 8.31e-09 -2.86265e-05 4.91631e-05 0 -87728.9 -47996.3 0
278 8.34e-09 -3.11788e-05 4.75865e-05 0 -85076.3 -52555 0
279 8.37e-09 -3.36444e-05 4.58774e-05 0 -82187 -56967.5 0
280 8.4e-09 -3.60165e-05 4.40408e-05 0 -79069.1 -61221.5 0
281 8.43e-09 -3.82884e-05 4.20816e-05 0 -75731.3 -65305.2 0
282 8.46e-09 -4.04539e-05 4.00054e-05 0 -72182.8 -69207.3 0
283 8.49e-09 -4.25069e-05 3.78179e-05 0 -68433.5 -72916.8 0
284 8.52e-09 -4.44417e-05 3.55252e-05 0 -64493.8 -76423.5 0
285 8.55e-09 -4.6253e-05 3.31337e-05 0 -60374.7 -79717.6 0
286 8.58e-09 -4.79356e-05 3.065e-05 0 -56087.7 -82789.9 0
287 8.61e-09 -4.94849e-05 2.8081e-05 0 -51644.7 -85631.9 0
288 8.64e-09 -5.08967e-05 2.5434e-05 0 -47057.9 -88235.8 0
289 8.67e-09 -5.21669e-05 2.27161e-05 0 -42340.3 -90594.1 0
290 8.7e-09 -5.3292e-05 1.99351e-05 0 -37504.9 -92700.5 0
291 8.73e-09 -5.4269e-05 1.70986e-05 0 -32565.2 -94549 0
292 8.76e-09 -5.5095e-05 1.42146e-05 0 -27534.9 -96134.4 0
293 8.79e-09 -5.57679e-05 1.1291e-05 0 -22427.9 -97452.5 0
294 8.82e-09 -5.62856e-05 8.33605e-06 0 -17258.6 -98499.4 0
295 8.85e-09 -5.66469e-05 5.35788e-06 0 -12041.3 -99272.4 0
296 8.88e-09 -5.68506e-05 2.3648e-06 0 -6790.49 -99769.2 0
297 8.91e-09 -5.68962e-05 -6.34848e-07 0 -1520.78 -99988.4 0
298 8.94e-09 -5.67836e-05 -3.63273e-06 0 3753.16 -99929.5 0
299 8.97e-09 -5.65131e-05 -6.62051e-06 0 9016.65 -99592.7 0
300 9e-09 -5.60854e-05 -9.58988e-06 0 14255.1 -98978.8 0
301 9.03e-09 -5.55018e-05 -1.25326e-05 0 19453.8 -98089.5 0
302 9.06e-09 -5.47639e-05 -1.54404e-05 0 24598.5 -96927.4 0
303 9.09e-09 -5.38736e-05 -1.83053e-05 0 29674.7 -95495.6 0
304 9.12e-09 -5.28336e-05 -2.11192e-05 0 34668.4 -93798.2 0
305 9.15e-09 -5.16466e-05 -2.38744e-05 0 39565.6 -91839.9 0
306 9.18e-09 -5.0316e-05 -2.65632e-05 0 44352.7 -89626.1 0
307 9.21e-09 -4.88455e-05 -2.91781e-05 0 49016.5 -87163 0
308 9.24e-09 -4.72392e-05 -3.17118e-05 0 53544 -84457.4 0
309 9.27e-09 -4.55015e-05 -3.41573e-05 0 57922.4 -81516.8 0
310 9.3e-09 -4.36374e-05 -3.65078e-05 0 62139.8 -78349.5 0
311 9.33e-09 -4.16518e-05 -3.87567e-05 0 66184.3 -74964.3 0
312 9.36e-09 -3.95505e-05 -4.08978e-05 0 70044.7 -71370.5 0
313 9.39e-09 -3.73392e-05 -4.29252e-05 0 73710.2 -67578.1 0
314 9.42e-09 -3.50241e-05 -4.48331e-05 0 77170.7 -63597.8 0
315 9.45e-09 -3.26116e-05 -4.66163e-05 0 80416.5 -59440.6 0
316 9.48e-09 -3.01084e-05 -4.82699e-05 0 83438.6 -55118 0
317 9.51e-09 -2.75215e-05 -4.97891e-05 0 86228.6 -50642.1 0
318 9.54e-09 -2.48582e-05 -5.11699e-05 0 88778.8 -46025.3 0
319 9.57e-09 -2.21257e-05 -5.24083e-05 0 91081.9 -41280.5 0
320 9.6e-09 -1.93318e-05 -5.35009e-05 0 93131.7 -36420.9 0
321 9.63e-09 -1.64841e-05 -5.44447e-05 0 94922.5 -31459.9 0
322 9.66e-09 -1.35906e-05 -5.52371e-05 0 96449.1 -26411.4 0
323 9.69e-09 -1.06594e-05 -5.58757e-05 0 97707.5 -21289.5 0
324 9.72e-09 -7.69858e-06 -5.6359e-05 0 98694.1 -16108.3 0
325 9.75e-09 -4.71639e-06 -5.66855e-05 0 99406.1 -10882.3 0
326 9.78e-09 -1.72115e-06 -5.68542e-05 0 99841.6 -5626.06 0
327 9.81e-09 1.27884e-06 -5.68649e-05 0 99999.4 -354.155 0
328 9.84e-09 4.2752e-06 -5.67173e-05 0 99879 4918.74 0
329 9.87e-09 7.25963e-06 -5.6412e-05 0 99480.7 10177.9 0
330 9.9e-09 1.02238e-05 -5.59497e-05 0 98805.7 15408.8 0
331 9.93e-09 1.31595e-05 -5.53318e-05 0 97855.9 20596.9 0
332 9.96e-09 1.60585e-05 -5.456e-05 0 96633.8 25727.6 0
333 9.99e-09 1.89128e-05 -5.36364e-05 0 95142.9 30786.8 0
334 1.002e-08 2.17144e-05 -5.25636e-05 0 93387.4 35760.3 0
335 1.005e-08 2.44556e-05 -5.13445e-05 0 91372 40634.3 0
336 1.008e-08 2.71286e-05 -4.99827e-05 0 89102.5 45395.4 0
337 1.011e-08 2.97262e-05 -4.84818e-05 0 86585.2 50030.1 0
338 1.014e-08 3.2241e-05 -4.6846e-05 0 83826.9 54525.6 0
339 1.017e-08 3.46661e-05 -4.50799e-05 0 80835.5 58869.5 0
340 1.02e-08 3.69946e-05 -4.31884e-05 0 77619.2 63049.6 0
341 1.023e-08 3.92202e-05 -4.11768e-05 0 74187 67054.4 0
342 1.026e-08 4.13367e-05 -3.90506e-05 0 70548.4 70872.6 0
343 1.029e-08 4.33381e-05 -3.68158e-05 0 66713.6 74493.6 0
344 1.032e-08 4.52189e-05 -3.44786e-05 0 62693.2 77907.4 0
345 1.035e-08 4.69739e-05 -3.20454e-05 0 58498.4 81104.5 0
346 1.038e-08 4.85981e-05 -2.95232e-05 0 54140.8 84076 0
347 1.041e-08 5.00871e-05 -2.69188e-05 0 49632.7 86813.6 0
348 1.044e-08 5.14367e-05 -2.42395e-05 0 44986.5 89309.7 0
349 1.047e-08 5.26431e-05 -2.14928e-05 0 40215.1 91557.3 0
350 1.05e-08 5.37031e-05 -1.86862e-05 0 35331.9 93550.3 0
351 1.053e-08 5.46136e-05 -1.58278e-05 0 30350.3 95283 0
352 1.056e-08 5.53721e-05 -1.29252e-05 0 25284.4 96750.7 0
353 1.059e-08 5.59765e-05 -9.98675e-06 0 20148.1 97949.2 0
354 1.062e-08 5.64252e-05 -7.02049e-06 0 14955.8 98875.3 0
355 1.065e-08 5.67169e-05 -4.0347e-06 0 9721.85 99526.3 0
356 1.068e-08 5.68507e-05 -1.03769e-06 0 4460.87 99900.5 0
357 1.071e-08 5.68263e-05 1.96221e-06 0 -812.517 99996.7 0
358 1.074e-08 5.66438e-05 4.95665e-06 0 -6083.64 99814.8 0
359 1.077e-08 5.63037e-05 7.93731e-06 0 -11337.8 99355.2 0
360 1.08e-08 5.58069e-05 1.08959e-05 0 -16560.5 98619.2 0
361 1.083e-08 5.51548e-05 1.38242e-05 0 -21737.1 97608.9 0
362 1.086e-08 5.43492e-05 1.6714e-05 0 -26853.2 96327.1 0
363 1.089e-08 5.33923e-05 1.95573e-05 0 -31894.7 94777.3 0
364 1.092e-08 5.22869e-05 2.23462e-05 0 -36847.4 92963.8 0
365 1.095e-08 5.1036e-05 2.50729e-05 0 -41697.6 90891.8 0
366 1.098e-08 4.9643e-05 2.773e-05 0 -46431.8 88566.9 0
367 1.101e-08 4.81119e-05 3.03098e-05 0 -51036.8 85995.6 0
368 1.104e-08 4.64469e-05 3.28054e-05 0 -55499.9 83185.1 0
369 1.107e-08 4.46527e-05 3.52097e-05 0 -59808.6 80143.2 0
370 1.11e-08 4.27341e-05 3.7516e-05 0 -63950.9 76878.4 0
371 1.113e-08 4.06967e-05 3.9718e-05 0 -67915.3 73399.7 0
372 1.116e-08 3.85459e-05 4.18095e-05 0 -71690.8 69716.8 0
373 1.119e-08 3.62879e-05 4.37847e-05 0 -75266.8 65840 0
374 1.122e-08 3.39289e-05 4.56381e-05 0 -78633.5 61780 0
375 1.125e-08 3.14755e-05 4.73646e-05 0 -81781.5 57548.2 0
376 1.128e-08 2.89344e-05 4.89593e-05 0 -84701.9 53156.3 0
377 1.131e-08 2.63128e-05 5.04177e-05 0 -87386.7 48616.5 0
378 1.134e-08 2.3618e-05 5.1736e-05 0 -89828.4 43941.5 0
379 1.137e-08 2.08574e-05 5.29103e-05 0 -92020.3 39144.2 0
380 1.14e-08 1.80387e-05 5.39375e-05 0 -93956.1 34238 0
381 1.143e-08 1.51698e-05 5.48146e-05 0 -95630.6 29236.7 0
382 1.146e-08 1.22586e-05 5.55392e-05 0 -97039.1 24153.9 0
383 1.149e-08 9.31327e-06 5.61093e-05 0 -98177.6 19004 0
384 1.152e-08 6.34198e-06 5.65233e-05 0 -99043.1 13801.2 0
385 1.155e-08 3.35299e-06 5.67801e-05 0 -99633 8560.06 0
386 1.158e-08 3.54617e-07 5.6879e-05 0 -99945.7 3295.07 0
387 1.161e-08 -2.6448e-06 5.68196e-05 0 -99980.4 -1979.08 0
388 1.164e-08 -5.63691e-06 5.66022e-05 0 -99737 -7247.72 0
389 1.167e-08 -8.61339e-06 5.62273e-05 0 -99216.2 -12496.2 0
390 1.17e-08 -1.1566e-05 5.5696e-05 0 -98419.3 -17709.9 0
391 1.173e-08 -1.44864e-05 5.50098e-05 0 -97348.7 -22874.4 0
392 1.176e-08 -1.73666e-05 5.41705e-05 0 -96007.2 -27975.2 0
393 1.179e-08 -2.01986e-05 5.31806e-05 0 -94398.7 -32998.2 0
394 1.182e-08 -2.29744e-05 5.20427e-05 0 -92527.6 -37929.4 0
395 1.185e-08 -2.56864e-05 5.076e-05 0 -90399.1 -42755.1 0
396 1.188e-08 -2.8327e-05 4.93362e-05 0 -88019.1 -47461.9 0
397 1.191e-08 -3.08888e-05 4.77751e-05 0 -85394.3 -52036.6 0
398 1.194e-08 -3.33648e-05 4.60811e-05 0 -82531.9 -56466.6 0
399 1.197e-08 -3.5748e-05 4.42589e-05 0 -79440 -60739.5 0
400 1.2e-08 -3.80318e-05 4.23136e-05 0 -76127.1 -64843.4 0
401 1.203e-08 -4.02099e-05 4.02506e-05 0 -72602.3 -68767 0
402 1.206e-08 -4.22761e-05 3.80756e-05 0 -68875.7 -72499.3 0
403 1.209e-08 -4.42248e-05 3.57947e-05 0 -64957.4 -76029.8 0
404 1.212e-08 -4.60506e-05 3.34142e-05 0 -60858.4 -79348.9 0
405 1.215e-08 -4.77483e-05 3.09408e-05 0 -56590.2 -82447.3 0
406 1.218e-08 -4.93132e-05 2.83813e-05 0 -52164.5 -85316.3 0
407 1.221e-08 -5.0741e-05 2.57429e-05 0 -47593.7 -87948 0
408 1.224e-08 -5.20278e-05 2.30328e-05 0 -42890.5 -90335 0
409 1.227e-08 -5.31698e-05 2.02587e-05 0 -38068 -92470.7 0
410 1.23e-08 -5.4164e-05 1.74282e-05 0 -33139.6 -94349.2 0
411 1.233e-08 -5.50076e-05 1.45493e-05 0 -28119 -95965.2 0
412 1.236e-08 -5.56982e-05 1.16299e-05 0 -23020.2 -97314.3 0
413 1.239e-08 -5.62339e-05 8.67808e-06 0 -17857.3 -98392.7 0
414 1.242e-08 -5.66132e-05 5.70216e-06 0 -12644.8 -99197.3 0
415 1.245e-08 -5.68351e-05 2.71038e-06 0 -7397.1 -99726 0
416 1.248e-08 -5.6899e-05 -2.88944e-07 0 -2128.83 -99977.3 0
417 1.251e-08 -5.68046e-05 -3.28746e-06 0 3145.37 -99950.5 0
418 1.254e-08 -5.65523e-05 -6.27683e-06 0 8410.82 -99645.7 0
419 1.257e-08 -5.61427e-05 -9.24874e-06 0 13652.9 -99063.6 0
420 1.26e-08 -5.5577e-05 -1.21949e-05 0 18856.9 -98206 0
421 1.263e-08 -5.48568e-05 -1.51072e-05 0 24008.6 -97075.2 0
422 1.266e-08 -5.3984e-05 -1.79774e-05 0 29093.4 -95674.3 0
423 1.269e-08 -5.2961e-05 -2.07976e-05 0 34097.3 -94007.3 0
424 1.272e-08 -5.17909e-05 -2.356e-05 0 39006.3 -92078.8 0
425 1.275e-08 -5.04767e-05 -2.62568e-05 0 43806.9 -89894.2 0
426 1.278e-08 -4.90221e-05 -2.88806e-05 0 48485.5 -87459.4 0
427 1.281e-08 -4.74312e-05 -3.1424e-05 0 53029.3 -84781.4 0
428 1.284e-08 -4.57084e-05 -3.38801e-05 0 57425.6 -81867.6 0
429 1.287e-08 -4.38586e-05 -3.62418e-05 0 61662.2 -78726 0
430 1.29e-08 -4.18868e-05 -3.85028e-05 0 65727.2 -75365.4 0
431 1.293e-08 -3.97985e-05 -4.06567e-05 0 69609.3 -71795.1 0
432 1.296e-08 -3.75995e-05 -4.26974e-05 0 73297.9 -68025.2 0
433 1.299e-08 -3.52961e-05 -4.46194e-05 0 76782.5 -64066 0
434 1.302e-08 -3.28945e-05 -4.64172e-05 0 80053.5 -59928.6 0
435 1.305e-08 -3.04014e-05 -4.8086e-05 0 83101.9 -55624.4 0
436 1.308e-08 -2.78238e-05 -4.96209e-05 0 85919.1 -51165.6 0
437 1.311e-08 -2.51689e-05 -5.10179e-05 0 88497.2 -46564.4 0
438 1.314e-08 -2.2444e-05 -5.22729e-05 0 90829.2 -41833.7 0
439 1.317e-08 -1.96568e-05 -5.33825e-05 0 92908.5 -36986.6 0
440 1.32e-08 -1.68149e-05 -5.43436e-05 0 94729.4 -32036.6 0
441 1.323e-08 -1.39263e-05 -5.51535e-05 0 96286.7 -26997.5 0
442 1.326e-08 -1.0999e-05 -5.581e-05 0 97576.2 -21883.3 0
443 1.329e-08 -8.04118e-06 -5.63113e-05 0 98594.3 -16708.2 0
444 1.332e-08 -5.06104e-06 -5.66559e-05 0 99338.1 -11486.7 0
445 1.335e-08 -2.06687e-06 -5.68428e-05 0 99805.6 -6233.14 0
446 1.338e-08 9.32987e-07 -5.68717e-05 0 99995.4 -962.292 0
447 1.341e-08 3.9302e-06 -5.67424e-05 0 99907 4311.23 0
448 1.344e-08 6.91642e-06 -5.64552e-05 0 99540.8 9572.77 0
449 1.347e-08 9.88335e-06 -5.6011e-05 0 98897.6 14807.7 0
450 1.35e-08 1.28227e-05 -5.54109e-05 0 97979.3 20001.4 0
451 1.353e-08 1.57264e-05 -5.46567e-05 0 96788.5 25139.5 0
452 1.356e-08 1.85862e-05 -5.37505e-05 0 95328.4 30207.6 0
453 1.359e-08 2.13943e-05 -5.26948e-05 0 93603.1 35191.7 0
454 1.362e-08 2.41429e-05 -5.14924e-05 0 91617.5 40077.9 0
455 1.365e-08 2.68242e-05 -5.01468e-05 0 89377 44852.6 0
456 1.368e-08 2.94308e-05 -4.86618e-05 0 86887.8 49502.6 0
457 1.371e-08 3.19555e-05 -4.70413e-05 0 84157 54014.8 0
458 1.374e-08 3.43913e-05 -4.529e-05 0 81192 58376.8 0
459 1.377e-08 3.67313e-05 -4.34127e-05 0 78001.2 62576.4 0
460 1.38e-08 3.89691e-05 -4.14147e-05 0 74593.4 66601.9 0
461 1.383e-08 4.10984e-05 -3.93014e-05 0 70978.1 70442.2 0
462 1.386e-08 4.31134e-05 -3.70788e-05 0 67165.4 74086.5 0
463 1.389e-08 4.50084e-05 -3.47531e-05 0 63165.8 77524.7 0
464 1.392e-08 4.67781e-05 -3.23306e-05 0 58990.5 80747.2 0
465 1.395e-08 4.84176e-05 -2.98183e-05 0 54651.1 83745.2 0
466 1.398e-08 4.99224e-05 -2.7223e-05 0 50159.7 86510.1 0
467 1.401e-08 5.12883e-05 -2.4552e-05 0 45528.8 89034.4 0
468 1.404e-08 5.25114e-05 -2.18126e-05 0 40771.2 91311.1 0
469 1.407e-08 5.35884e-05 -1.90126e-05 0 35900.1 93333.7 0
470 1.41e-08 5.45163e-05 -1.61597e-05 0 30929.2 95096.7 0
471 1.413e-08 5.52925e-05 -1.32619e-05 0 25872.3 96595.2 0
472 1.416e-08 5.59148e-05 -1.03271e-05 0 20743.4 97824.9 0
473 1.419e-08 5.63815e-05 -7.36363e-06 0 15556.8 98782.5 0
474 1.422e-08 5.66913e-05 -4.37967e-06 0 10326.9 99465.3 0
475 1.425e-08 5.68433e-05 -1.38353e-06 0 5068.33 99871.5 0
476 1.428e-08 5.68372e-05 1.61647e-06 0 -204.374 99999.8 0
477 1.431e-08 5.66729e-05 4.61196e-06 0 -5476.51 99849.9 0
478 1.434e-08 5.63509e-05 7.59463e-06 0 -10733.4 99422.3 0
479 1.437e-08 5.58721e-05 1.05562e-05 0 -15960.5 98718.1 0
480 1.44e-08 5.52378e-05 1.34884e-05 0 -21143.1 97739.3 0
481 1.443e-08 5.44498e-05 1.6383e-05 0 -26266.9 96488.6 0
482 1.446e-08 5.35103e-05 1.92321e-05 0 -31317.7 94969.5 0
483 1.449e-08 5.24218e-05 2.20277e-05 0 -36281.3 93186.2 0
484 1.452e-08 5.11875e-05 2.4762e-05 0 -41144 91143.7 0
485 1.455e-08 4.98107e-05 2.74274e-05 0 -45892.3 88847.6 0
486 1.458e-08 4.82953e-05 3.00166e-05 0 -50512.9 86304.4 0
487 1.461e-08 4.66456e-05 3.25222e-05 0 -54993 83521.1 0
488 1.464e-08 4.4866e-05 3.49373e-05 0 -59320.1 80505.4 0
489 1.467e-08 4.29615e-05 3.72553e-05 0 -63482.2 77265.9 0
490 1.47e-08 4.09375e-05 3.94697e-05 0 -67467.7 73811.3 0
491 1.473e-08 3.87995e-05 4.15742e-05 0 -71265.5 70151.5 0
492 1.476e-08 3.65535e-05 4.35631e-05 0 -74865 66296.5 0
493 1.479e-08 3.42059e-05 4.54308e-05 0 -78256.4 62257.1 0
494 1.482e-08 3.1763e-05 4.71721e-05 0 -81430 58044.5 0
495 1.485e-08 2.92316e-05 4.87823e-05 0 -84377.1 53670.4 0
496 1.488e-08 2.6619e-05 5.02567e-05 0 -87089.4 49147 0
497 1.491e-08 2.39322e-05 5.15913e-05 0 -89559.5 44486.9 0
498 1.494e-08 2.11788e-05 5.27824e-05 0 -91780.5 39703.1 0
499 1.497e-08 1.83664e-05 5.38266e-05 0 -93746.2 34808.8 0
500 1.5e-08 1.55028e-05 5.47212e-05 0 -95451.1 29817.7 0
501 1.503e-08 1.25961e-05 5.54635e-05 0 -96890.4 24743.6 0
502 1.506e-08 9.65432e-06 5.60515e-05 0 -98060.2 19600.7 0
503 1.509e-08 6.6856e-06 5.64836e-05 0 -98957.3 14403.3 0
504 1.512e-08 3.69823e-06 5.67586e-05 0 -99579.1 9165.82 0
505 1.515e-08 7.00517e-07 5.68757e-05 0 -99923.8 3902.83 0
506 1.518e-08 -2.2992e-06 5.68345e-05 0 -99990.6 -1371.01 0
507 1.521e-08 -5.29258e-06 5.66353e-05 0 -99779.2 -6641.04 0
508 1.524e-08 -8.27129e-06 5.62785e-05 0 -99290.3 -11892.6 0
509 1.527e-08 -1.1227e-05 5.57652e-05 0 -98525.2 -17111.1 0
510 1.53e-08 -1.41516e-05 5.50967e-05 0 -97486 -22281.9 0
511 1.533e-08 -1.70369e-05 5.4275e-05 0 -96175.6 -27390.8 0
512 1.536e-08 -1.98748e-05 5.33023e-05 0 -94597.6 -32423.5 0
513 1.539e-08 -2.26575e-05 5.21813e-05 0 -92756.6 -37366 0
514 1.542e-08 -2.53772e-05 5.09152e-05 0 -90657.5 -42204.6 0
515 1.545e-08 -2.80264e-05 4.95074e-05 0 -88306.2 -46925.7 0
516 1.548e-08 -3.05977e-05 4.79619e-05 0 -85709.2 -51516.3 0
517 1.551e-08 -3.30839e-05 4.6283e-05 0 -82873.8 -55963.6 0
518 1.554e-08 -3.54782e-05 4.44753e-05 0 -79807.9 -60255.3 0
519 1.557e-08 -3.77738e-05 4.2544e-05 0 -76520 -64379.3 0
520 1.56e-08 -3.99643e-05 4.04942e-05 0 -73019.2 -68324.2 0
521 1.563e-08 -4.20438e-05 3.83319e-05 0 -69315.3 -72079.1 0
522 1.566e-08 -4.40063e-05 3.60629e-05 0 -65418.6 -75633.4 0
523 1.569e-08 -4.58465e-05 3.36936e-05 0 -61339.9 -78977.4 0
524 1.572e-08 -4.75593e-05 3.12305e-05 0 -57090.5 -82101.6 0
525 1.575e-08 -4.91397e-05 2.86806e-05 0 -52682.4 -84997.5 0
526 1.578e-08 -5.05836e-05 2.60509e-05 0 -48127.6 -87656.9 0
527 1.581e-08 -5.18867e-05 2.33487e-05 0 -43439.1 -90072.5 0
528 1.584e-08 -5.30456e-05 2.05816e-05 0 -38629.6 -92237.5 0
529 1.587e-08 -5.4057e-05 1.77572e-05 0 -33712.7 -94145.9 0
530 1.59e-08 -5.49181e-05 1.48834e-05 0 -28702.1 -95792.4 0
531 1.593e-08 -5.56264e-05 1.19682e-05 0 -23611.6 -97172.5 0
532 1.596e-08 -5.61801e-05 9.01978e-06 0 -18455.4 -98282.2 0
533 1.599e-08 -5.65775e-05 6.04622e-06 0 -13247.8 -99118.6 0
534 1.602e-08 -5.68176e-05 3.05585e-06 0 -8003.45 -99679.2 0
535 1.605e-08 -5.68997e-05 5.69712e-08 0 -2736.8 -99962.5 0
536 1.608e-08 -5.68236e-05 -2.94206e-06 0 2537.46 -99967.8 0
537 1.611e-08 -5.65894e-05 -5.93291e-06 0 7804.67 -99695 0
538 1.614e-08 -5.61979e-05 -8.90726e-06 0 13050.2 -99144.8 0
539 1.617e-08 -5.56502e-05 -1.18568e-05 0 18259.4 -98318.8 0
540 1.62e-08 -5.49476e-05 -1.47734e-05 0 23417.7 -97219.4 0
541 1.623e-08 -5.40923e-05 -1.76489e-05 0 28511 -95849.5 0
542 1.626e-08 -5.30865e-05 -2.04753e-05 0 33524.9 -94212.9 0
543 1.629e-08 -5.19332e-05 -2.32447e-05 0 38445.6 -92314.3 0
544 1.632e-08 -5.06354e-05 -2.59495e-05 0 43259.4 -90158.9 0
545 1.635e-08 -4.91968e-05 -2.85821e-05 0 47952.8 -87752.7 0
546 1.638e-08 -4.76214e-05 -3.11351e-05 0 52512.8 -85102.3 0
547 1.641e-08 -4.59136e-05 -3.36016e-05 0 56926.7 -82215.3 0
548 1.644e-08 -4.40782e-05 -3.59746e-05 0 61182.3 -79099.5 0
549 1.647e-08 -4.21201e-05 -3.82475e-05 0 65267.6 -75763.7 0
550 1.65e-08 -4.0045e-05 -4.0414e-05 0 69171.4 -72217.1 0
551 1.653e-08 -3.78585e-05 -4.24681e-05 0 72882.8 -68469.7 0
552 1.656e-08 -3.55668e-05 -4.4404e-05 0 76391.5 -64531.7 0
553 1.659e-08 -3.31761e-05 -4.62165e-05 0 79687.6 -60414.3 0
554 1.662e-08 -3.06933e-05 -4.79003e-05 0 82762.1 -56128.8 0
555 1.665e-08 -2.81251e-05 -4.94509e-05 0 85606.3 -51687.1 0
556 1.668e-08 -2.54787e-05 -5.0864e-05 0 88212.4 -47101.7 0
557 1.671e-08 -2.27615e-05 -5.21355e-05 0 90573.1 -42385.3 0
558 1.674e-08 -1.99811e-05 -5.32621e-05 0 92681.9 -37550.9 0
559 1.677e-08 -1.71451e-05 -5.42404e-05 0 94532.8 -32612.1 0
560 1.68e-08 -1.42615e-05 -5.50679e-05 0 96120.8 -27582.6 0
561 1.683e-08 -1.13382e-05 -5.57422e-05 0 97441.3 -22476.3 0
562 1.686e-08 -8.38349e-06 -5.62614e-05 0 98490.9 -17307.5 0
563 1.689e-08 -5.4055e-06 -5.66241e-05 0 99266.4 -12090.6 0
564 1.692e-08 -2.41253e-06 -5.68293e-05 0 99765.8 -6839.99 0
565 1.695e-08 5.87104e-07 -5.68765e-05 0 99987.7 -1570.39 0
566 1.698e-08 3.58505e-06 -5.67654e-05 0 99931.4 3703.57 0
567 1.701e-08 6.57296e-06 -5.64963e-05 0 99597.1 8967.23 0
568 1.704e-08 9.54253e-06 -5.60702e-05 0 98985.8 14206 0
569 1.707e-08 1.24855e-05 -5.5488e-05 0 98099.1 19405.2 0
570 1.71e-08 1.53937e-05 -5.47515e-05 0 96939.6 24550.4 0
571 1.713e-08 1.8259e-05 -5.38627e-05 0 95510.3 29627.3 0
572 1.716e-08 2.10735e-05 -5.2824e-05 0 93815.4 34621.8 0
573 1.719e-08 2.38293e-05 -5.16384e-05 0 91859.5 39520 0
574 1.722e-08 2.65187e-05 -5.03092e-05 0 89648.1 44308.3 0
575 1.725e-08 2.91343e-05 -4.884e-05 0 87187.3 48973.3 0
576 1.728e-08 3.16688e-05 -4.72349e-05 0 84483.9 53502 0
577 1.731e-08 3.41152e-05 -4.54985e-05 0 81545.5 57882 0
578 1.734e-08 3.64666e-05 -4.36354e-05 0 78380.3 62100.9 0
579 1.737e-08 3.87165e-05 -4.1651e-05 0 74997.1 66147.1 0
580 1.74e-08 4.08587e-05 -3.95507e-05 0 71405.2 70009.2 0
581 1.743e-08 4.28871e-05 -3.73404e-05 0 67614.7 73676.7 0
582 1.746e-08 4.47962e-05 -3.50263e-05 0 63636.1 77139.1 0
583 1.749e-08 4.65806e-05 -3.26146e-05 0 59480.5 80387 0
584 1.752e-08 4.82354e-05 -3.01123e-05 0 55159.4 83411.3 0
585 1.755e-08 4.97559e-05 -2.75262e-05 0 50684.9 86203.5 0
586 1.758e-08 5.1138e-05 -2.48635e-05 0 46069.4 88755.9 0
587 1.761e-08 5.23778e-05 -2.21317e-05 0 41325.7 91061.4 0
588 1.764e-08 5.34718e-05 -1.93383e-05 0 36467.1 93113.7 0
589 1.767e-08 5.4417e-05 -1.64911e-05 0 31507 94906.8 0
590 1.77e-08 5.52108e-05 -1.3598e-05 0 26459.3 96436 0
591 1.773e-08 5.58509e-05 -1.06671e-05 0 21338 97696.9 0
592 1.776e-08 5.63357e-05 -7.7065e-06 0 16157.3 98686.1 0
593 1.779e-08 5.66636e-05 -4.72448e-06 0 10931.6 99400.7 0
594 1.782e-08 5.68339e-05 -1.72931e-06 0 5675.6 99838.8 0
595 1.785e-08 5.6846e-05 1.27066e-06 0 403.776 99999.2 0
596 1.788e-08 5.66999e-05 4.2671e-06 0 -4869.17 99881.4 0
597 1.791e-08 5.63961e-05 7.25167e-06 0 -10128.6 99485.7 0
598 1.794e-08 5.59353e-05 1.02161e-05 0 -15359.8 98813.3 0
599 1.797e-08 5.53188e-05 1.31521e-05 0 -20548.3 97866.1 0
600 1.8e-08 5.45484e-05 1.60515e-05 0 -25679.7 96646.5 0
601 1.803e-08 5.36262e-05 1.89062e-05 0 -30739.6 95158.2 0
602 1.806e-08 5.25548e-05 2.17084e-05 0 -35713.9 93405.1 0
603 1.809e-08 5.13371e-05 2.44501e-05 0 -40589 91392.2 0
604 1.812e-08 4.99766e-05 2.71239e-05 0 -45351.1 89125.1 0
605 1.815e-08 4.8477e-05 2.97222e-05 0 -49987.1 86610 0
606 1.818e-08 4.68425e-05 3.22378e-05 0 -54484 83854 0
607 1.821e-08 4.50776e-05 3.46637e-05 0 -58829.4 80864.7 0
608 1.824e-08 4.31873e-05 3.69932e-05 0 -63011.1 77650.5 0
609 1.827e-08 4.11767e-05 3.92199e-05 0 -67017.5 74220.3 0
610 1.83e-08 3.90516e-05 4.13374e-05 0 -70837.5 70583.6 0
611 1.833e-08 3.68178e-05 4.33399e-05 0 -74460.5 66750.6 0
612 1.836e-08 3.44815e-05 4.52218e-05 0 -77876.3 62731.8 0
613 1.839e-08 3.20492e-05 4.6978e-05 0 -81075.5 58538.6 0
614 1.842e-08 2.95278e-05 4.86035e-05 0 -84049.1 54182.5 0
615 1.845e-08 2.69241e-05 5.00937e-05 0 -86788.9 49675.7 0
616 1.848e-08 2.42455e-05 5.14447e-05 0 -89287.3 45030.8 0
617 1.851e-08 2.14994e-05 5.26525e-05 0 -91537.4 40260.5 0
618 1.854e-08 1.86934e-05 5.37138e-05 0 -93532.8 35378.3 0
619 1.857e-08 1.58353e-05 5.46258e-05 0 -95268 30397.6 0
620 1.86e-08 1.29332e-05 5.53857e-05 0 -96738.1 25332.4 0
621 1.863e-08 9.99502e-06 5.59916e-05 0 -97939.2 20196.7 0
622 1.866e-08 7.02898e-06 5.64418e-05 0 -98867.9 15004.8 0
623 1.869e-08 4.04334e-06 5.67349e-05 0 -99521.5 9771.23 0
624 1.872e-08 1.04639e-06 5.68702e-05 0 -99898.2 4510.44 0
625 1.875e-08 -1.95352e-06 5.68473e-05 0 -99997.1 -762.897 0
626 1.878e-08 -4.94806e-06 5.66663e-05 0 -99817.8 -6034.11 0
627 1.881e-08 -7.92888e-06 5.63277e-05 0 -99360.8 -11288.5 0
628 1.884e-08 -1.08877e-05 5.58323e-05 0 -98627.4 -16511.6 0
629 1.887e-08 -1.38163e-05 5.51817e-05 0 -97619.7 -21688.7 0
630 1.89e-08 -1.67065e-05 5.43775e-05 0 -96340.4 -26805.4 0
631 1.893e-08 -1.95503e-05 5.34221e-05 0 -94793.1 -31847.6 0
632 1.896e-08 -2.23398e-05 5.2318e-05 0 -92982.1 -36801.2 0
633 1.899e-08 -2.50671e-05 5.10684e-05 0 -90912.4 -41652.5 0
634 1.902e-08 -2.77248e-05 4.96768e-05 0 -88589.9 -46387.8 0
635 1.905e-08 -3.03055e-05 4.8147e-05 0 -86020.9 -50994.1 0
636 1.908e-08 -3.28018e-05 4.64832e-05 0 -83212.6 -55458.6 0
637 1.911e-08 -3.5207e-05 4.46902e-05 0 -80172.9 -59768.8 0
638 1.914e-08 -3.75143e-05 4.27728e-05 0 -76910.1 -63912.7 0
639 1.917e-08 -3.97173e-05 4.07364e-05 0 -73433.4 -67878.9 0
640 1.92e-08 -4.18099e-05 3.85867e-05 0 -69752.4 -71656.2 0
641 1.923e-08 -4.37862e-05 3.63297e-05 0 -65877.3 -75234.2 0
642 1.926e-08 -4.56408e-05 3.39716e-05 0 -61819 -78602.9 0
643 1.929e-08 -4.73684e-05 3.1519e-05 0 -57588.8 -81752.9 0
644 1.932e-08 -4.89644e-05 2.89788e-05 0 -53198.3 -84675.5 0
645 1.935e-08 -5.04242e-05 2.63579e-05 0 -48659.8 -87362.6 0
646 1.938e-08 -5.17438e-05 2.36637e-05 0 -43986 -89806.6 0
647 1.941e-08 -5.29195e-05 2.09037e-05 0 -39189.9 -92000.8 0
648 1.944e-08 -5.3948e-05 1.80855e-05 0 -34284.7 -93939.1 0
649 1.947e-08 -5.48265e-05 1.5217e-05 0 -29284.1 -95616.1 0
650 1.95e-08 -5.55526e-05 1.23062e-05 0 -24202.1 -97027.1 0
651 1.953e-08 -5.61242e-05 9.36115e-06 0 -19052.7 -98168.2 0
652 1.956e-08 -5.65397e-05 6.39007e-06 0 -13850.4 -99036.2 0
653 1.959e-08 -5.6798e-05 3.40121e-06 0 -8609.5 -99628.7 0
654 1.962e-08 -5.68983e-05 4.02884e-07 0 -3344.67 -99944.1 0
655 1.965e-08 -5.68404e-05 -2.59656e-06 0 1929.47 -99981.4 0
656 1.968e-08 -5.66245e-05 -5.58878e-06 0 7198.23 -99740.6 0
657 1.971e-08 -5.62511e-05 -8.56545e-06 0 12447 -99222.3 0
658 1.974e-08 -5.57212e-05 -1.15183e-05 0 17661.1 -98428.1 0
659 1.977e-08 -5.50365e-05 -1.44391e-05 0 22826.1 -97360 0
660 1.98e-08 -5.41986e-05 -1.73197e-05 0 27927.6 -96021.1 0
661 1.983e-08 -5.32101e-05 -2.01522e-05 0 32951.4 -94415.1 0
662 1.986e-08 -5.20736e-05 -2.29286e-05 0 37883.5 -92546.4 0
663 1.989e-08 -5.07923e-05 -2.56412e-05 0 42710.3 -90420.3 0
664 1.992e-08 -4.93697e-05 -2.82825e-05 0 47418.2 -88042.7 0
665 1.995e-08 -4.78099e-05 -3.08451e-05 0 51994.2 -85420.1 0
666 1.998e-08 -4.61171e-05 -3.33219e-05 0 56425.6 -82560 0
667 2.001e-08 -4.42961e-05 -3.5706e-05 0 60700.1 -79470.1 0
668 2.004e-08 -4.2352e-05 -3.79907e-05 0 64805.7 -76159.2 0
669 2.007e-08 -4.029e-05 -4.01698e-05 0 68731 -72636.5 0
670 2.01e-08 -3.81161e-05 -4.22372e-05 0 72465.1 -68911.6 0
671 2.013e-08 -3.58362e-05 -4.4187e-05 0 75997.6 -64995.1 0
672 2.016e-08 -3.34566e-05 -4.6014e-05 0 79318.7 -60897.8 0
673 2.019e-08 -3.0984e-05 -4.77129e-05 0 82419.2 -56631.1 0
674 2.022e-08 -2.84253e-05 -4.92791e-05 0 85290.4 -52206.8 0
675 2.025e-08 -2.57876e-05 -5.07082e-05 0 87924.3 -47637.3 0
676 2.028e-08 -2.30782e-05 -5.19963e-05 0 90313.7 -42935.3 0
677 2.031e-08 -2.03046e-05 -5.31397e-05 0 92451.8 -38113.9 0
678 2.034e-08 -1.74746e-05 -5.41353e-05 0 94332.7 -33186.4 0
679 2.037e-08 -1.45961e-05 -5.49803e-05 0 95951.3 -28166.6 0
680 2.04e-08 -1.1677e-05 -5.56723e-05 0 97302.9 -23068.5 0
681 2.043e-08 -8.72549e-06 -5.62095e-05 0 98383.8 -17906.1 0
682 2.046e-08 -5.74976e-06 -5.65903e-05 0 99191 -12694 0
683 2.049e-08 -2.75809e-06 -5.68137e-05 0 99722.4 -7446.59 0
684 2.052e-08 2.41199e-07 -5.68791e-05 0 99976.3 -2178.44 0
685 2.055e-08 3.23976e-06 -5.67862e-05 0 99952.1 3095.77 0
686 2.058e-08 6.22926e-06 -5.65354e-05 0 99649.8 8361.37 0
687 2.061e-08 9.20137e-06 -5.61273e-05 0 99070.4 13603.7 0
688 2.064e-08 1.21478e-05 -5.5563e-05 0 98215.3 18808.2 0
689 2.067e-08 1.50604e-05 -5.48442e-05 0 97087.1 23960.4 0
690 2.07e-08 1.79311e-05 -5.39728e-05 0 95688.7 29045.9 0
691 2.073e-08 2.07518e-05 -5.29513e-05 0 94024.2 34050.6 0
692 2.076e-08 2.35148e-05 -5.17825e-05 0 92098.2 38960.6 0
693 2.079e-08 2.62122e-05 -5.04696e-05 0 89915.9 43762.3 0
694 2.082e-08 2.88368e-05 -4.90164e-05 0 87483.5 48442.1 0
695 2.085e-08 3.1381e-05 -4.74267e-05 0 84807.7 52987.3 0
696 2.088e-08 3.38379e-05 -4.57052e-05 0 81896 57385 0
697 2.091e-08 3.62006e-05 -4.38565e-05 0 78756.6 61623.1 0
698 2.094e-08 3.84625e-05 -4.18858e-05 0 75398 65689.8 0
699 2.097e-08 4.06174e-05 -3.97986e-05 0 71829.7 69573.7 0
700 2.1e-08 4.26592e-05 -3.76007e-05 0 68061.5 73264.1 0
701 2.103e-08 4.45824e-05 -3.52982e-05 0 64104.1 76750.7 0
702 2.106e-08 4.63814e-05 -3.28974e-05 0 59968.3 80023.8 0
703 2.109e-08 4.80514e-05 -3.04052e-05 0 55665.7 83074.3 0
704 2.112e-08 4.95876e-05 -2.78284e-05 0 51208.2 85893.7 0
705 2.115e-08 5.09859e-05 -2.51742e-05 0 46608.3 88474.1 0
706 2.118e-08 5.22422e-05 -2.24499e-05 0 41878.7 90808.4 0
707 2.121e-08 5.33532e-05 -1.96632e-05 0 37032.7 92890.2 0
708 2.124e-08 5.43157e-05 -1.68218e-05 0 32083.6 94713.5 0
709 2.127e-08 5.51271e-05 -1.39336e-05 0 27045.3 96273.3 0
710 2.13e-08 5.5785e-05 -1.10067e-05 0 21931.7 97565.4 0
711 2.133e-08 5.62877e-05 -8.04908e-06 0 16757.1 98586 0
712 2.136e-08 5.66338e-05 -5.06911e-06 0 11535.9 99332.4 0
713 2.139e-08 5.68223e-05 -2.07504e-06 0 6282.67 99802.4 0
714 2.142e-08 5.68527e-05 9.24809e-07 0 1011.91 99994.9 0
715 2.145e-08 5.67248e-05 3.92208e-06 0 -4261.66 99909.2 0
716 2.148e-08 5.64391e-05 6.90845e-06 0 -9523.37 99545.5 0
717 2.151e-08 5.59964e-05 9.8756e-06 0 -14758.6 98904.9 0
718 2.154e-08 5.53978e-05 1.28153e-05 0 -19952.8 97989.2 0
719 2.157e-08 5.4645e-05 1.57193e-05 0 -25091.4 96800.9 0
720 2.16e-08 5.37402e-05 1.85796e-05 0 -30160.3 95343.4 0
721 2.163e-08 5.26859e-05 2.13882e-05 0 -35145.2 93620.6 0
722 2.166e-08 5.14849e-05 2.41373e-05 0 -40032.4 91637.3 0
723 2.169e-08 5.01406e-05 2.68193e-05 0 -44808.3 89399.2 0
724 2.172e-08 4.86569e-05 2.94267e-05 0 -49459.5 86912.4 0
725 2.175e-08 4.70377e-05 3.19522e-05 0 -53973.1 84183.8 0
726 2.178e-08 4.52876e-05 3.43888e-05 0 -58336.5 81221 0
727 2.181e-08 4.34114e-05 3.67298e-05 0 -62537.7 78032.3 0
728 2.184e-08 4.14145e-05 3.89686e-05 0 -66564.9 74626.5 0
729 2.187e-08 3.93023e-05 4.1099e-05 0 -70407 71013.1 0
730 2.19e-08 3.70807e-05 4.3115e-05 0 -74053.2 67202.2 0
731 2.193e-08 3.47559e-05 4.50112e-05 0 -77493.3 63204.3 0
732 2.196e-08 3.23343e-05 4.67821e-05 0 -80718 59030.6 0
733 2.199e-08 2.98228e-05 4.84229e-05 0 -83718 54692.7 0
734 2.202e-08 2.72282e-05 4.9929e-05 0 -86485.2 50202.6 0
735 2.205e-08 2.45579e-05 5.12961e-05 0 -89011.8 45572.9 0
736 2.208e-08 2.18192e-05 5.25206e-05 0 -91290.8 40816.5 0
737 2.211e-08 1.90197e-05 5.3599e-05 0 -93315.9 35946.4 0
738 2.214e-08 1.61672e-05 5.45283e-05 0 -95081.3 30976.4 0
739 2.217e-08 1.32698e-05 5.53059e-05 0 -96582.3 25920.2 0
740 2.22e-08 1.03353e-05 5.59297e-05 0 -97814.6 20792 0
741 2.223e-08 7.3721e-06 5.63979e-05 0 -98774.8 15605.8 0
742 2.226e-08 4.38829e-06 5.67092e-05 0 -99460.2 10376.3 0
743 2.229e-08 1.39222e-06 5.68627e-05 0 -99869 5117.89 0
744 2.232e-08 -1.60777e-06 5.6858e-05 0 -99999.9 -154.753 0
745 2.235e-08 -4.60335e-06 5.66952e-05 0 -99852.6 -5426.96 0
746 2.238e-08 -7.58618e-06 5.63747e-05 0 -99427.6 -10684.1 0
747 2.241e-08 -1.0548e-05 5.58974e-05 0 -98726 -15911.5 0
748 2.244e-08 -1.34805e-05 5.52645e-05 0 -97749.8 -21094.6 0
749 2.247e-08 -1.63755e-05 5.4478e-05 0 -96501.6 -26219 0
750 2.25e-08 -1.92251e-05 5.35398e-05 0 -94985 -31270.6 0
751 2.253e-08 -2.20212e-05 5.24528e-05 0 -93204.2 -36235.1 0
752 2.256e-08 -2.47561e-05 5.12198e-05 0 -91164.1 -41098.8 0
753 2.259e-08 -2.74222e-05 4.98444e-05 0 -88870.4 -45848.2 0
754 2.262e-08 -3.00121e-05 4.83303e-05 0 -86329.4 -50470.1 0
755 2.265e-08 -3.25185e-05 4.66817e-05 0 -83548.4 -54951.5 0
756 2.268e-08 -3.49346e-05 4.49033e-05 0 -80534.9 -59280.1 0
757 2.271e-08 -3.72535e-05 4.3e-05 0 -77297.4 -63443.8 0
758 2.274e-08 -3.94689e-05 4.09771e-05 0 -73844.8 -67431 0
759 2.277e-08 -4.15745e-05 3.88402e-05 0 -70186.8 -71230.7 0
760 2.28e-08 -4.35645e-05 3.65952e-05 0 -66333.6 -74832.1 0
761 2.283e-08 -4.54333e-05 3.42484e-05 0 -62295.9 -78225.4 0
762 2.286e-08 -4.71759e-05 3.18064e-05 0 -58084.9 -81401.2 0
763 2.289e-08 -4.87873e-05 2.92759e-05 0 -53712.3 -84350.4 0
764 2.292e-08 -5.0263e-05 2.66639e-05 0 -49190.2 -87065 0
765 2.295e-08 -5.15989e-05 2.39778e-05 0 -44531.4 -89537.5 0
766 2.298e-08 -5.27914e-05 2.1225e-05 0 -39748.6 -91760.8 0
767 2.301e-08 -5.3837e-05 1.84131e-05 0 -34855.3 -93728.9 0
768 2.304e-08 -5.4733e-05 1.555e-05 0 -29865 -95436.3 0
769 2.307e-08 -5.54767e-05 1.26437e-05 0 -24791.7 -96878.1 0
770 2.31e-08 -5.60662e-05 9.70218e-06 0 -19649.4 -98050.5 0
771 2.313e-08 -5.64998e-05 6.73367e-06 0 -14452.4 -98950.1 0
772 2.316e-08 -5.67762e-05 3.74644e-06 0 -9215.23 -99574.5 0
773 2.319e-08 -5.68948e-05 7.48782e-07 0 -3952.41 -99921.9 0
774 2.322e-08 -5.68552e-05 -2.25096e-06 0 1321.4 -99991.3 0
775 2.325e-08 -5.66574e-05 -5.24443e-06 0 6591.53 -99782.5 0
776 2.328e-08 -5.63021e-05 -8.22332e-06 0 11843.3 -99296.2 0
777 2.331e-08 -5.57903e-05 -1.11793e-05 0 17062.2 -98533.7 0
778 2.334e-08 -5.51233e-05 -1.41042e-05 0 22233.6 -97497 0
779 2.337e-08 -5.4303e-05 -1.69899e-05 0 27343.1 -96189.2 0
780 2.34e-08 -5.33317e-05 -1.98283e-05 0 32376.6 -94613.7 0
781 2.343e-08 -5.22121e-05 -2.26116e-05 0 37320 -92775.1 0
782 2.346e-08 -5.09473e-05 -2.53319e-05 0 42159.6 -90678.4 0
783 2.349e-08 -4.95408e-05 -2.79818e-05 0 46881.9 -88329.4 0
784 2.352e-08 -4.79966e-05 -3.05539e-05 0 51473.8 -85734.8 0
785 2.355e-08 -4.63189e-05 -3.30409e-05 0 55922.5 -82901.6 0
786 2.358e-08 -4.45125e-05 -3.5436e-05 0 60215.7 -79837.8 0
787 2.361e-08 -4.25822e-05 -3.77326e-05 0 64341.3 -76551.9 0
788 2.364e-08 -4.05336e-05 -3.99242e-05 0 68288 -73053.1 0
789 2.367e-08 -3.83722e-05 -4.20047e-05 0 72044.6 -69351.1 0
790 2.37e-08 -3.61042e-05 -4.39684e-05 0 75600.9 -65456.1 0
791 2.373e-08 -3.37358e-05 -4.58098e-05 0 78946.9 -61379 0
792 2.376e-08 -3.12736e-05 -4.75237e-05 0 82073.3 -57131.2 0
793 2.379e-08 -2.87245e-05 -4.91054e-05 0 84971.3 -52724.5 0
794 2.382e-08 -2.60955e-05 -5.05506e-05 0 87633 -48171.1 0
795 2.385e-08 -2.3394e-05 -5.18551e-05 0 90050.9 -43483.7 0
796 2.388e-08 -2.06274e-05 -5.30154e-05 0 92218.3 -38675.4 0
797 2.391e-08 -1.78035e-05 -5.40281e-05 0 94129.2 -33759.5 0
798 2.394e-08 -1.49302e-05 -5.48906e-05 0 95778.2 -28749.6 0
799 2.397e-08 -1.20154e-05 -5.56004e-05 0 97160.8 -23659.8 0
800 2.4e-08 -9.06717e-06 -5.61555e-05 0 98273.1 -18504.1 0
801 2.403e-08 -6.09381e-06 -5.65545e-05 0 99112 -13297 0
802 2.406e-08 -3.10355e-06 -5.6796e-05 0 99675.2 -8052.91 0
803 2.409e-08 -1.04717e-07 -5.68796e-05 0 99961.2 -2786.4 0
804 2.412e-08 2.89435e-06 -5.6805e-05 0 99969 2487.86 0
805 2.415e-08 5.88532e-06 -5.65723e-05 0 99698.8 7755.2 0
806 2.418e-08 8.85986e-06 -5.61823e-05 0 99151.3 13001 0
807 2.421e-08 1.18097e-05 -5.5636e-05 0 98327.9 18210.6 0
808 2.424e-08 1.47266e-05 -5.49349e-05 0 97231 23369.5 0
809 2.427e-08 1.76025e-05 -5.4081e-05 0 95863.6 28463.4 0
810 2.43e-08 2.04294e-05 -5.30767e-05 0 94229.6 33478.2 0
811 2.433e-08 2.31994e-05 -5.19247e-05 0 92333.4 38399.8 0
812 2.436e-08 2.59048e-05 -5.06282e-05 0 90180.4 43214.6 0
813 2.439e-08 2.85381e-05 -4.9191e-05 0 87776.5 47909.2 0
814 2.442e-08 3.1092e-05 -4.76168e-05 0 85128.4 52470.5 0
815 2.445e-08 3.35593e-05 -4.59103e-05 0 82243.5 56885.9 0
816 2.448e-08 3.59332e-05 -4.4076e-05 0 79129.9 61143 0
817 2.451e-08 3.82071e-05 -4.21191e-05 0 75796.1 65230 0
818 2.454e-08 4.03746e-05 -4.0045e-05 0 72251.4 69135.6 0
819 2.457e-08 4.24298e-05 -3.78595e-05 0 68505.8 72848.8 0
820 2.46e-08 4.43669e-05 -3.55688e-05 0 64569.6 76359.4 0
821 2.463e-08 4.61805e-05 -3.3179e-05 0 60453.8 79657.6 0
822 2.466e-08 4.78656e-05 -3.0697e-05 0 56169.8 82734.2 0
823 2.469e-08 4.94175e-05 -2.81296e-05 0 51729.6 85580.6 0
824 2.472e-08 5.08318e-05 -2.54839e-05 0 47145.5 88189 0
825 2.475e-08 5.21047e-05 -2.27673e-05 0 42430.2 90552.1 0
826 2.478e-08 5.32326e-05 -1.99874e-05 0 37596.9 92663.2 0
827 2.481e-08 5.42124e-05 -1.7152e-05 0 32659 94516.6 0
828 2.484e-08 5.50413e-05 -1.42687e-05 0 27630.2 96107.1 0
829 2.487e-08 5.57171e-05 -1.13458e-05 0 22524.6 97430.2 0
830 2.49e-08 5.62378e-05 -8.39137e-06 0 17356.4 98482.3 0
831 2.493e-08 5.66019e-05 -5.41355e-06 0 12139.8 99260.4 0
832 2.496e-08 5.68086e-05 -2.42068e-06 0 6889.5 99762.4 0
833 2.499e-08 5.68572e-05 5.78924e-07 0 1620.01 99986.9 0
834 2.502e-08 5.67476e-05 3.57692e-06 0 -3653.98 99933.2 0
835 2.505e-08 5.64801e-05 6.56497e-06 0 -8917.81 99601.6 0
836 2.508e-08 5.60554e-05 9.53475e-06 0 -14156.8 98992.8 0
837 2.511e-08 5.54747e-05 1.2478e-05 0 -19356.5 98108.8 0
838 2.514e-08 5.47396e-05 1.53866e-05 0 -24502.3 96951.7 0
839 2.517e-08 5.38522e-05 1.82523e-05 0 -29579.9 95525 0
840 2.52e-08 5.2815e-05 2.10673e-05 0 -34575.2 93832.6 0
841 2.523e-08 5.16307e-05 2.38237e-05 0 -39474.4 91879.1 0
842 2.526e-08 5.03028e-05 2.65138e-05 0 -44263.8 89670.1 0
843 2.529e-08 4.88349e-05 2.91301e-05 0 -48930 87211.6 0
844 2.532e-08 4.72311e-05 3.16654e-05 0 -53460.1 84510.5 0
845 2.535e-08 4.54959e-05 3.41127e-05 0 -57841.5 81574.3 0
846 2.538e-08 4.3634e-05 3.6465e-05 0 -62062 78411.1 0
847 2.541e-08 4.16507e-05 3.87159e-05 0 -66109.9 75029.9 0
848 2.544e-08 3.95515e-05 4.08591e-05 0 -69973.8 71440 0
849 2.547e-08 3.73422e-05 4.28886e-05 0 -73643.1 67651.3 0
850 2.55e-08 3.5029e-05 4.47989e-05 0 -77107.5 63674.4 0
851 2.553e-08 3.26182e-05 4.65845e-05 0 -80357.5 59520.4 0
852 2.556e-08 3.01167e-05 4.82405e-05 0 -83383.9 55200.8 0
853 2.559e-08 2.75314e-05 4.97623e-05 0 -86178.3 50727.7 0
854 2.562e-08 2.48694e-05 5.11457e-05 0 -88733 46113.4 0
855 2.565e-08 2.21382e-05 5.23869e-05 0 -91040.9 41370.9 0
856 2.568e-08 1.93453e-05 5.34823e-05 0 -93095.5 36513.3 0
857 2.571e-08 1.64986e-05 5.44289e-05 0 -94891.2 31554.1 0
858 2.574e-08 1.36059e-05 5.52241e-05 0 -96422.9 26507.1 0
859 2.577e-08 1.06753e-05 5.58657e-05 0 -97686.3 21386.4 0
860 2.58e-08 7.71494e-06 5.63519e-05 0 -98678.1 16206.2 0
861 2.583e-08 4.73308e-06 5.66813e-05 0 -99395.3 10981 0
862 2.586e-08 1.73801e-06 5.68531e-05 0 -99836 5725.14 0
863 2.589e-08 -1.26196e-06 5.68667e-05 0 -99999 453.397 0
864 2.592e-08 -4.25848e-06 5.67221e-05 0 -99883.8 -4819.61 0
865 2.595e-08 -7.2432e-06 5.64197e-05 0 -99490.8 -10079.2 0
866 2.598e-08 -1.02078e-05 5.59604e-05 0 -98821 -15310.8 0
867 2.601e-08 -1.31441e-05 5.53454e-05 0 -97876.3 -20499.7 0
868 2.604e-08 -1.60439e-05 5.45764e-05 0 -96659.3 -25631.7 0
869 2.607e-08 -1.88991e-05 5.36557e-05 0 -95173.4 -30692.3 0
870 2.61e-08 -2.17018e-05 5.25856e-05 0 -93422.8 -35667.6 0
871 2.613e-08 -2.44442e-05 5.13693e-05 0 -91412.3 -40543.6 0
872 2.616e-08 -2.71186e-05 5.00101e-05 0 -89147.5 -45306.9 0
873 2.619e-08 -2.97176e-05 4.85118e-05 0 -86634.8 -49944.1 0
874 2.622e-08 -3.22341e-05 4.68785e-05 0 -83881 -54442.4 0
875 2.625e-08 -3.46609e-05 4.51148e-05 0 -80893.9 -58789.3 0
876 2.628e-08 -3.69913e-05 4.32257e-05 0 -77681.8 -62972.6 0
877 2.631e-08 -3.92189e-05 4.12162e-05 0 -74253.5 -66980.7 0
878 2.634e-08 -4.13375e-05 3.90922e-05 0 -70618.7 -70802.5 0
879 2.637e-08 -4.33411e-05 3.68593e-05 0 -66787.5 -74427.3 0
880 2.64e-08 -4.52242e-05 3.4524e-05 0 -62770.5 -77845.2 0
881 2.643e-08 -4.69816e-05 3.20926e-05 0 -58578.8 -81046.4 0
882 2.646e-08 -4.86083e-05 2.95719e-05 0 -54224.2 -84022.2 0
883 2.649e-08 -5.00999e-05 2.6969e-05 0 -49718.8 -86764.3 0
884 2.652e-08 -5.14521e-05 2.4291e-05 0 -45075.1 -89265 0
885 2.655e-08 -5.26613e-05 2.15455e-05 0 -40305.9 -91517.4 0
886 2.658e-08 -5.37241e-05 1.87401e-05 0 -35424.7 -93515.2 0
887 2.661e-08 -5.46374e-05 1.58825e-05 0 -30444.9 -95252.9 0
888 2.664e-08 -5.53988e-05 1.29807e-05 0 -25380.4 -96725.6 0
889 2.667e-08 -5.60062e-05 1.00428e-05 0 -20245.3 -97929.2 0
890 2.67e-08 -5.64578e-05 7.07703e-06 0 -15053.9 -98860.4 0
891 2.673e-08 -5.67524e-05 4.09153e-06 0 -9820.62 -99516.6 0
892 2.676e-08 -5.68892e-05 1.09465e-06 0 -4560.01 -99896 0
893 2.679e-08 -5.68678e-05 -1.90527e-06 0 713.277 -99997.5 0
894 2.682e-08 -5.66883e-05 -4.89989e-06 0 5984.58 -99820.8 0
895 2.685e-08 -5.63511e-05 -7.88089e-06 0 11239.2 -99366.4 0
896 2.688e-08 -5.58572e-05 -1.084e-05 0 16462.6 -98635.6 0
897 2.691e-08 -5.5208e-05 -1.37689e-05 0 21640.2 -97630.4 0
898 2.694e-08 -5.44053e-05 -1.66595e-05 0 26757.6 -96353.7 0
899 2.697e-08 -5.34513e-05 -1.95037e-05 0 31800.6 -94808.9 0
900 2.7e-08 -5.23486e-05 -2.22938e-05 0 36755.1 -93000.3 0
901 2.703e-08 -5.11004e-05 -2.50217e-05 0 41607.3 -90933.1 0
902 2.706e-08 -4.97101e-05 -2.76801e-05 0 46343.9 -88612.9 0
903 2.709e-08 -4.81815e-05 -3.02615e-05 0 50951.5 -86046.2 0
904 2.712e-08 -4.6519e-05 -3.27587e-05 0 55417.3 -83240.1 0
905 2.715e-08 -4.47271e-05 -3.51648e-05 0 59729 -80202.5 0
906 2.718e-08 -4.28109e-05 -3.74731e-05 0 63874.6 -76941.8 0
907 2.721e-08 -4.07756e-05 -3.96771e-05 0 67842.4 -73467 0
908 2.724e-08 -3.8627e-05 -4.17707e-05 0 71621.6 -69787.9 0
909 2.727e-08 -3.63709e-05 -4.37481e-05 0 75201.5 -65914.6 0
910 2.73e-08 -3.40138e-05 -4.56039e-05 0 78572.2 -61858 0
911 2.733e-08 -3.1562e-05 -4.73328e-05 0 81724.3 -57629.3 0
912 2.736e-08 -2.90226e-05 -4.893e-05 0 84649.1 -53240.3 0
913 2.739e-08 -2.64024e-05 -5.03911e-05 0 87338.4 -48703.2 0
914 2.742e-08 -2.37089e-05 -5.1712e-05 0 89784.8 -44030.6 0
915 2.745e-08 -2.09494e-05 -5.2889e-05 0 91981.4 -39235.5 0
916 2.748e-08 -1.81318e-05 -5.3919e-05 0 93922.1 -34331.3 0
917 2.751e-08 -1.52637e-05 -5.47989e-05 0 95601.6 -29331.5 0
918 2.754e-08 -1.23533e-05 -5.55264e-05 0 97015.1 -24250.2 0
919 2.757e-08 -9.40851e-06 -5.60995e-05 0 98158.7 -19101.4 0
920 2.76e-08 -6.43763e-06 -5.65165e-05 0 99029.3 -13899.5 0
921 2.763e-08 -3.4489e-06 -5.67762e-05 0 99624.4 -8658.93 0
922 2.766e-08 -4.50629e-07 -5.68781e-05 0 99942.4 -3394.26 0
923 2.769e-08 2.54884e-06 -5.68217e-05 0 99982.3 1879.85 0
924 2.772e-08 5.54117e-06 -5.66072e-05 0 99744.2 7148.74 0
925 2.775e-08 8.51802e-06 -5.62353e-05 0 99228.5 12397.7 0
926 2.778e-08 1.14711e-05 -5.57069e-05 0 98436.8 17612.2 0
927 2.781e-08 1.43923e-05 -5.50236e-05 0 97371.3 22777.8 0
928 2.784e-08 1.72733e-05 -5.41872e-05 0 96034.9 27879.9 0
929 2.787e-08 2.01063e-05 -5.32e-05 0 94431.4 32904.5 0
930 2.79e-08 2.28832e-05 -5.20649e-05 0 92565.2 37837.6 0
931 2.793e-08 2.55965e-05 -5.0785e-05 0 90441.5 42665.4 0
932 2.796e-08 2.82384e-05 -4.93637e-05 0 88066.2 47374.5 0
933 2.799e-08 3.08018e-05 -4.78052e-05 0 85445.9 51951.9 0
934 2.802e-08 3.32795e-05 -4.61136e-05 0 82587.9 56384.7 0
935 2.805e-08 3.56645e-05 -4.42938e-05 0 79500.2 60660.6 0
936 2.808e-08 3.79502e-05 -4.23508e-05 0 76191.4 64767.9 0
937 2.811e-08 4.01303e-05 -4.02899e-05 0 72670.6 68694.9 0
938 2.814e-08 4.21988e-05 -3.8117e-05 0 68947.6 72430.9 0
939 2.817e-08 4.41497e-05 -3.5838e-05 0 65032.8 75965.3 0
940 2.82e-08 4.59778e-05 -3.34594e-05 0 60937.1 79288.5 0
941 2.823e-08 4.7678e-05 -3.09876e-05 0 56672 82391.1 0
942 2.826e-08 4.92455e-05 -2.84297e-05 0 52249.1 85264.5 0
943 2.829e-08 5.06759e-05 -2.57927e-05 0 47680.9 87900.7 0
944 2.832e-08 5.19653e-05 -2.30839e-05 0 42980.1 90292.4 0
945 2.835e-08 5.31101e-05 -2.03109e-05 0 38159.7 92432.9 0
946 2.838e-08 5.41071e-05 -1.74814e-05 0 33233.2 94316.2 0
947 2.841e-08 5.49535e-05 -1.46033e-05 0 28214.2 95937.3 0
948 2.844e-08 5.5647e-05 -1.16846e-05 0 23116.7 97291.4 0
949 2.847e-08 5.61857e-05 -8.73334e-06 0 17955 98374.9 0
950 2.85e-08 5.6568e-05 -5.7578e-06 0 12743.2 99184.7 0
951 2.853e-08 5.67929e-05 -2.76624e-06 0 7496.07 99718.6 0
952 2.856e-08 5.68597e-05 2.33017e-07 0 2228.05 99975.2 0
953 2.859e-08 5.67683e-05 3.23162e-06 0 -3046.17 99953.6 0
954 2.862e-08 5.6519e-05 6.22124e-06 0 -8311.92 99654 0
955 2.865e-08 5.61123e-05 9.19356e-06 0 -13554.5 99077.1 0
956 2.868e-08 5.55495e-05 1.21403e-05 0 -18759.5 98224.7 0
957 2.871e-08 5.48322e-05 1.50533e-05 0 -23912.2 97099 0
958 2.874e-08 5.39622e-05 1.79244e-05 0 -28998.4 95703.1 0
959 2.877e-08 5.29421e-05 2.07456e-05 0 -34004 94041.1 0
960 2.88e-08 5.17746e-05 2.35091e-05 0 -38914.9 92117.5 0
961 2.883e-08 5.04631e-05 2.62072e-05 0 -43717.6 89937.6 0
962 2.886e-08 4.90112e-05 2.88325e-05 0 -48398.7 87507.5 0
963 2.889e-08 4.74228e-05 3.13775e-05 0 -52945.2 84834 0
964 2.892e-08 4.57025e-05 3.38352e-05 0 -57344.3 81924.5 0
965 2.895e-08 4.3855e-05 3.61988e-05 0 -61584 78787.1 0
966 2.898e-08 4.18854e-05 3.84618e-05 0 -65652.3 75430.6 0
967 2.901e-08 3.97992e-05 4.06177e-05 0 -69538.1 71864.2 0
968 2.904e-08 3.76023e-05 4.26606e-05 0 -73230.3 68097.9 0
969 2.907e-08 3.53008e-05 4.45849e-05 0 -76718.9 64142.1 0
970 2.91e-08 3.29009e-05 4.63851e-05 0 -79994 60008 0
971 2.913e-08 3.04095e-05 4.80563e-05 0 -83046.6 55706.9 0
972 2.916e-08 2.78335e-05 4.95939e-05 0 -85868.2 51250.8 0
973 2.919e-08 2.518e-05 5.09934e-05 0 -88451 46652.2 0
974 2.922e-08 2.24563e-05 5.22511e-05 0 -90787.6 41923.8 0
975 2.925e-08 1.96702e-05 5.33635e-05 0 -92871.8 37078.8 0
976 2.928e-08 1.68293e-05 5.43274e-05 0 -94697.5 32130.6 0
977 2.931e-08 1.39415e-05 5.51402e-05 0 -96259.9 27093 0
978 2.934e-08 1.10148e-05 5.57996e-05 0 -97554.5 21980.1 0
979 2.937e-08 8.0575e-06 5.63038e-05 0 -98577.7 16806 0
980 2.94e-08 5.0777e-06 5.66513e-05 0 -99326.6 11585.2 0
981 2.943e-08 2.08372e-06 5.68413e-05 0 -99799.3 6332.19 0
982 2.946e-08 -9.16109e-07 5.68732e-05 0 -99994.4 1061.53 0
983 2.949e-08 -3.91345e-06 5.67468e-05 0 -99911.3 -4212.08 0
984 2.952e-08 -6.89995e-06 5.64626e-05 0 -99550.2 -9473.97 0
985 2.955e-08 -9.86732e-06 5.60213e-05 0 -98912.2 -14709.5 0
986 2.958e-08 -1.28073e-05 5.54242e-05 0 -97999.1 -19904.1 0
987 2.961e-08 -1.57117e-05 5.46729e-05 0 -96813.4 -25043.4 0
988 2.964e-08 -1.85724e-05 5.37695e-05 0 -95358.3 -30113 0
989 2.967e-08 -2.13816e-05 5.27165e-05 0 -93638 -35098.8 0
990 2.97e-08 -2.41313e-05 5.15169e-05 0 -91657.2 -39987 0
991 2.973e-08 -2.68139e-05 5.0174e-05 0 -89421.4 -44763.9 0
992 2.976e-08 -2.94221e-05 4.86915e-05 0 -86936.9 -49416.3 0
993 2.979e-08 -3.19484e-05 4.70736e-05 0 -84210.5 -53931.3 0
994 2.982e-08 -3.43859e-05 4.53247e-05 0 -81249.9 -58296.2 0
995 2.985e-08 -3.67278e-05 4.34497e-05 0 -78063.3 -62499 0
996 2.988e-08 -3.89675e-05 4.14539e-05 0 -74659.5 -66527.9 0
997 2.991e-08 -4.1099e-05 3.93427e-05 0 -71048 -70371.7 0
998 2.994e-08 -4.31162e-05 3.71221e-05 0 -67238.9 -74019.8 0
999 2.997e-08 -4.50134e-05 3.47983e-05 0 -63242.7 -77462 0
