Loading configuration file "../inputs/tiny.inp" ...
Initializing simulation state ...
# x y z u v w
4.97075 1.27404 0.64262 -0.00536837 0.00301727 0.0105936
5.30656 1.81326 0.946221 0.0931106 -0.0563125 -0.0538467
4.78724 1.56436 0.758791 0.0346816 -0.000995338 0.00699224
4.87068 1.7908 0.646297 0.0303165 -0.0674813 0.0115788
5.25614 1.70131 0.689267 0.0500947 -0.0709087 0.016738
5.12962 1.39846 0.678043 -0.0280503 0.0330399 0.0163209
5.17037 1.85666 1.16045 -0.0114301 -0.0219121 0.055123
5.17867 1.66278 0.735215 -0.006853 -0.0559416 0.0125143
4.91598 1.40919 1.17705 0.016547 0.03449 0.0692909
5.18487 1.84356 1.04263 -0.00318821 -0.0342043 -0.0328617
5.25047 1.26143 0.877313 0.0453399 0.000990657 -0.0376354
4.79237 1.41674 1.13663 0.0353546 0.0352539 0.0347434
4.7507 1.72933 0.945581 0.0221245 -0.0763674 -0.0537974
5.13396 1.61489 0.909804 -0.0267674 -0.0299493 -0.0477206
5.04265 1.54795 1.18152 -0.0295715 0.00746371 0.0730802
4.83124 1.324 0.688087 0.0362582 0.0152978 0.0167221
5.01466 1.78715 1.19387 -0.0218701 -0.0688863 0.0834824
4.77553 1.7337 1.18587 0.0325708 -0.0767255 0.0767553
4.93905 1.26684 1.13394 0.00763224 0.00177249 0.0324588
5.30327 1.27556 1.11328 0.0903272 0.00330411 0.0153033
5.04073 1.43303 1.06076 -0.0291434 0.036112 -0.0226502
4.8715 1.60077 0.882462 0.0301286 -0.0216797 -0.039452
5.20395 1.56972 0.901117 0.00926413 -0.00390883 -0.0453779
5.05759 1.33486 1.14836 -0.0323201 0.0183128 0.0447603
4.95825 1.41109 0.916215 -0.000229141 0.0347028 -0.0492527
5.12657 1.58277 0.810025 -0.0288805 -0.0112309 -0.0107559
4.85333 1.35282 0.905466 0.0337242 0.0231819 -0.0465875
5.00542 1.68425 0.842044 -0.0187383 -0.0651989 -0.0238515
4.8286 1.47479 0.71867 0.0364185 0.0327961 0.0150896
5.05134 1.5824 0.700277 -0.0313003 -0.0110151 0.0165757
5.3359 1.8305 0.828678 0.117866 -0.0447476 -0.0183412
5.26125 1.76276 0.772925 0.0544226 -0.0753627 0.00276475
5.23136 1.30982 0.792007 0.029756 0.0114211 -0.00382969
5.07608 1.53634 1.10827 -0.0341466 0.0129523 0.0112784
5.34174 1.54374 1.14415 0.122963 0.00950498 0.041153
5.26171 1.81882 0.685726 0.0548083 -0.0528688 0.0166709
4.80363 1.49178 1.11172 0.0363579 0.0290437 0.0140432
4.81432 1.44556 1.20113 0.0367385 0.0359803 0.0895802
5.1645 1.67702 0.897555 -0.0144365 -0.0623175 -0.0443353
5.00331 1.85341 1.08828 -0.0179919 -0.0251387 -0.0040694
5.07539 1.27295 0.808802 -0.034112 0.00281431 -0.01027
5.20209 1.77694 1.13878 0.00797681 -0.0722069 0.0365715
4.79498 1.32924 1.24604 0.0356444 0.0167538 0.143056
4.80407 1.74897 0.697862 0.0363839 -0.0768416 0.0166588
5.02065 1.81631 1.1629 -0.0237578 -0.0544594 0.0572232
4.75376 1.52685 0.798999 0.0249404 0.0170746 -0.00645184
5.09212 1.58692 1.06888 -0.0341679 -0.0136131 -0.0175244
4.99696 1.76444 1.0574 -0.0156793 -0.0750772 -0.0246761
5.0635 1.27112 1.15641 -0.0331035 0.00248573 0.051659
5.17504 1.68059 1.05596 -0.00889938 -0.063771 -0.0255217
5.27257 1.42944 0.735382 0.0640833 0.0360202 0.0124824
4.89332 1.36823 0.73378 0.0242097 0.0270387 0.0127821
5.03178 1.861 1.14355 -0.0269389 -0.0173981 0.0406441
5.27361 1.37001 1.12645 0.0649695 0.0274568 0.0261563
5.05687 1.45693 1.01422 -0.0322121 0.0352299 -0.0450553
5.06068 1.72624 0.636337 -0.0327519 -0.0760302 0.00855459
5.13644 1.50462 0.973229 -0.0259799 0.0252979 -0.0537712
4.75876 1.36332 0.81575 0.0275294 0.0258548 -0.0130535
4.92241 1.38763 0.8516 0.0141503 0.0311836 -0.0277465
4.80966 1.73285 0.705908 0.0366391 -0.0766667 0.0162798
5.24681 1.28371 0.741516 0.0422932 0.00498063 0.0112421
5.34022 1.76506 1.05128 0.121618 -0.0749655 -0.02821
4.81267 1.27207 1.1212 0.0367149 0.00265587 0.0217927
4.97508 1.77142 1.22146 -0.00713251 -0.0736369 0.107231
5.10052 1.77944 0.82033 -0.0335633 -0.0714777 -0.0149144
4.75074 1.37687 1.19577 0.0221913 0.0290016 0.0850776
5.23687 1.7813 0.647571 0.034166 -0.0708988 0.0118922
4.87845 1.71319 0.652928 0.0284201 -0.0738639 0.013074
4.76128 1.50362 1.082 0.0285343 0.0256194 -0.00859536
5.29341 1.76213 0.941923 0.0819386 -0.0754642 -0.0534726
4.82133 1.37599 1.03887 0.0366978 0.0288089 -0.0347482
5.31676 1.66091 1.18355 0.101706 -0.0550444 0.0747981
4.83385 1.79662 0.99759 0.036069 -0.0650053 -0.0498733
5.03908 1.51874 0.934009 -0.0287611 0.0203206 -0.0525247
5.29511 1.83615 0.81226 0.0833877 -0.0403839 -0.0116485
5.21224 1.53293 1.04416 0.0151723 0.0144721 -0.0320665
5.01373 1.70303 1.13232 -0.0215651 -0.0713907 0.0310913
5.34744 1.35496 0.739683 0.128143 0.0237384 0.0116282
4.97169 1.35957 0.970952 -0.005755 0.0249197 -0.0539459
4.80338 1.66927 0.897937 0.0363421 -0.0589528 -0.0444492
5.30932 1.31041 1.17053 0.0954426 0.0115794 0.0637468
5.03314 1.85533 0.709109 -0.0272949 -0.0232473 0.0160484
4.77888 1.48492 1.1782 0.0332625 0.0307261 0.0702699
5.26474 1.29346 1.07166 0.0573874 0.00722971 -0.0156964
4.86409 1.52196 1.05052 0.0317506 0.0190624 -0.028634
5.0954 1.55061 0.688798 -0.0339834 0.00614615 0.0167324
4.95216 1.68004 0.941662 0.00228353 -0.0635522 -0.0534466
5.3537 1.8379 0.779786 0.134311 -0.0389737 0.00049962
5.17534 1.70263 0.948913 -0.0087337 -0.0712822 -0.0540292
5.36205 1.29113 0.837632 0.144245 0.00667071 -0.0220354
4.9744 1.77431 0.737637 -0.0068543 -0.0729212 0.0120436
4.98417 1.76273 1.21019 -0.0107699 -0.0753676 0.0972621
5.14648 1.41965 1.03795 -0.0224057 0.0354886 -0.0351979
5.31447 1.74786 1.03898 0.0997805 -0.076894 -0.0346956
4.85397 1.82245 0.943664 0.0336193 -0.0504743 -0.0536363
5.11846 1.35327 0.807807 -0.0307991 0.0233001 -0.00987589
5.27756 1.25639 1.01738 0.0683531 0.000414279 -0.0439391
4.91625 1.47209 0.711978 0.0164469 0.0332623 0.0158026
5.13933 1.58062 1.13778 -0.0250152 -0.0100022 0.0357194
5.19449 1.70548 1.01495 0.0028753 -0.0720485 -0.0448024
4.86485 1.54992 1.07987 0.031593 0.00649093 -0.0100974
4.84834 1.56315 0.992894 0.0344775 -0.000345955 -0.0509165
5.22527 1.85833 0.855395 0.0249843 -0.0202102 -0.0292708
4.8754 1.27446 0.672105 0.0291913 0.00309518 0.0158541
4.81174 1.58351 1.16817 0.0366961 -0.0116499 0.0617301
5.34946 1.52212 0.625732 0.130067 0.018999 0.00217818
5.07392 1.65923 0.859957 -0.0340297 -0.0542281 -0.0310798
5.1171 1.35595 1.17231 -0.0310798 0.0239953 0.0652598
5.09222 1.82073 0.856525 -0.0341635 -0.0516257 -0.0297216
5.08093 1.8294 0.794666 -0.0343121 -0.0455651 -0.00481593
5.33654 1.5548 0.677547 0.118418 0.00402283 0.0162886
5.00863 1.65017 1.02582 -0.019853 -0.049652 -0.0406645
5.24726 1.86147 1.12707 0.0426679 -0.0168976 0.0266766
5.07143 1.31094 1.13457 -0.0338623 0.0117218 0.0329961
5.30784 1.42053 0.866759 0.0941982 0.0355525 -0.033718
5.3297 1.25029 0.696894 0.112586 3.92155e-06 0.0166847
5.12516 1.72969 0.758129 -0.0292436 -0.0764021 0.00717456
4.78573 1.39404 0.962179 0.0344545 0.032327 -0.0543235
5.08922 1.59088 0.901875 -0.034277 -0.0159039 -0.0455938
4.76308 1.52058 0.997341 0.0291762 0.0196084 -0.0499322
4.87477 1.41067 1.22099 0.0293467 0.0346567 0.106801
5.1548 1.81742 0.653465 -0.01897 -0.0537605 0.0131811
5.01408 1.62642 0.7731 -0.021679 -0.0366195 0.00270854
4.93743 1.28888 0.634519 0.00828239 0.00614517 0.00784778
4.8482 1.65167 0.708429 0.0344973 -0.0504254 0.0161013
5.10006 1.31058 1.21475 -0.0336079 0.0116248 0.101202
4.83871 1.68607 1.22456 0.0356363 -0.0658839 0.110168
5.08953 1.53792 0.754419 -0.0342678 0.0122307 0.00816854
5.07328 1.81344 0.785701 -0.0339898 -0.0562065 -0.00155186
5.05889 1.68459 0.993843 -0.032508 -0.065328 -0.0507169
4.80311 1.57475 1.16113 0.0363249 -0.00669534 0.0557026
5.32776 1.49499 1.13768 0.110951 0.0281791 0.0356316
5.21288 1.60152 0.872177 0.0156369 -0.0221198 -0.035759
4.9946 1.41236 0.933412 -0.0147951 0.0348374 -0.0524401
5.24375 1.44914 0.696241 0.0397738 0.03581 0.0166997
4.88698 1.68274 0.838507 0.0260929 -0.064621 -0.0223958
5.30001 1.83885 0.650984 0.0875559 -0.0381905 0.0126692
5.29652 1.66155 1.16795 0.084588 -0.0553566 0.0615445
4.86444 1.82033 1.06699 0.0316775 -0.0518871 -0.0187446
5.12439 1.48241 1.02466 -0.0294366 0.0312862 -0.0411411
4.83473 1.48446 0.830321 0.0359979 0.0308309 -0.0190184
5.16817 1.53599 1.17129 -0.012584 0.0131097 0.0643964
4.93447 1.63627 1.09266 0.00946324 -0.0421698 -0.000819882
5.35864 1.67355 1.03012 0.139829 -0.0608464 -0.0388294
5.14484 1.67619 0.860066 -0.0230324 -0.0619706 -0.0311226
4.75207 1.3555 0.815406 0.0236681 0.0238796 -0.0129146
5.20363 1.37971 0.698694 0.00903632 0.0296074 0.0166332
5.14238 1.40479 1.23055 -0.0239392 0.033945 0.116281
5.02215 1.29258 1.04821 -0.0242137 0.00701746 -0.0299076
4.77099 1.55682 1.22121 0.0315026 0.0029833 0.106998
4.8078 1.5485 0.880555 0.036571 0.00719252 -0.0387872
5.03101 1.2862 1.18416 -0.0267324 0.00553319 0.0753058
5.11431 1.37687 1.02504 -0.0316179 0.0290008 -0.0409866
4.98728 1.63241 0.802664 -0.0119874 -0.0400192 -0.00786191
5.14992 1.52582 0.964684 -0.0210339 0.0175023 -0.0542631
4.76382 1.44197 1.14024 0.0294243 0.0360913 0.0378124
5.12214 1.50038 1.0435 -0.0299803 0.026621 -0.0324098
5.03162 1.63286 1.13721 -0.0268965 -0.0402703 0.0352402
4.85937 1.49684 0.776552 0.0326721 0.0276608 0.00158334
5.31641 1.36882 1.12527 0.101418 0.0271781 0.0251761
5.29193 1.58528 0.717646 0.0806744 -0.0126696 0.0152113
4.97519 1.36348 0.737177 -0.00717629 0.0258926 0.0121347
5.28599 1.34556 0.938895 0.0755831 0.0212465 -0.0531489
4.904 1.28136 0.823894 0.0207652 0.00447786 -0.0163732
4.93629 1.82282 0.655075 0.00873924 -0.0502241 0.0134916
5.25459 1.65574 1.04325 0.0487966 -0.0524963 -0.0325401
4.76174 1.51301 0.69618 0.0287011 0.0224458 0.0167011
5.05734 1.36118 0.91861 -0.0322837 0.0253226 -0.0497793
5.09118 1.44166 1.01681 -0.0342092 0.0360981 -0.0441445
4.90559 1.82646 0.638402 0.0202253 -0.0476961 0.00928478
4.81586 1.72681 1.16238 0.0367491 -0.0760974 0.0567744
5.08945 1.35671 1.14495 -0.0342702 0.0241918 0.0418395
5.2636 1.87042 0.698066 0.0564163 -0.00649696 0.0166529
4.85903 1.59712 0.685567 0.0327365 -0.0195391 0.0166665
5.27588 1.66302 1.23379 0.0669169 -0.0560575 0.120001
5.18246 1.7521 0.757752 -0.00463535 -0.0766402 0.00727792
5.30157 1.60871 0.975364 0.0888829 -0.0263364 -0.0535784
5.29223 1.63055 0.959745 0.0809297 -0.0389701 -0.0543464
5.08708 1.74606 0.858662 -0.0343252 -0.0769588 -0.0305691
5.09031 1.28604 0.885169 -0.0342423 0.00549691 -0.0403784
5.22132 1.82439 0.904573 0.021949 -0.0491463 -0.0463449
5.012 1.51351 0.700131 -0.0209945 0.0222641 0.0165815
5.16329 1.85971 1.11542 -0.0150333 -0.0187732 0.0170409
5.10175 1.25171 0.883871 -0.033438 5.74852e-05 -0.0399369
5.10819 1.37359 0.671739 -0.0326292 0.0282754 0.0158195
5.23929 1.48234 0.852343 0.0361219 0.031301 -0.0280463
5.06848 1.4441 1.13257 -0.0336197 0.0360328 0.0313068
5.1613 1.33125 1.22393 -0.0159947 0.0173112 0.109555
4.9615 1.85222 1.19675 -0.00156877 -0.0262877 0.0859016
5.10937 1.74948 1.15349 -0.0324518 -0.0768139 0.0491579
5.05051 1.7446 0.856062 -0.0311513 -0.0769926 -0.0295372
5.22919 1.78431 0.658382 0.0280461 -0.0698975 0.0140783
4.89953 1.56913 0.895234 0.0222475 -0.00358211 -0.0436318
4.82685 1.58033 0.914173 0.0365074 -0.00983768 -0.0487836
5.27845 1.84655 1.18796 0.0691187 -0.0315566 0.0785099
4.85811 1.74348 1.22774 0.0329041 -0.0770072 0.113316
5.07625 1.76997 1.22167 -0.0341548 -0.0739695 0.107425
5.19571 1.80598 0.796512 0.00367575 -0.0604118 -0.00550858
5.0567 1.65694 0.711202 -0.0321872 -0.0530948 0.0158726
5.176 1.69231 0.914383 -0.00836527 -0.0681011 -0.0488328
4.81281 1.51574 1.15083 0.0367176 0.021451 0.0468711
5.08927 1.78707 1.05747 -0.0342758 -0.068916 -0.0246351
5.27136 1.74493 0.835582 0.0630467 -0.0769863 -0.0211895
5.35812 1.64241 1.20766 0.13921 -0.0455334 0.0950956
5.15046 1.37818 1.2398 -0.0208121 0.0292835 0.128421
4.84329 1.33991 1.14943 0.0351352 0.0197057 0.0456697
4.93411 1.45759 0.796732 0.00960871 0.0351666 -0.00559154
5.04809 1.44525 1.05007 -0.0306942 0.0359924 -0.0288824
4.78619 1.46524 1.24284 0.0345258 0.0342891 0.134191
4.80701 1.8725 1.14003 0.0365368 -0.00375947 0.0376404
4.75391 1.67255 0.871583 0.025035 -0.0604119 -0.0355381
5.06149 1.47418 1.18294 -0.032857 0.0329051 0.0742823
5.35107 1.77592 0.877341 0.13164 -0.0724925 -0.0376455
4.89296 1.84145 0.90792 0.0243218 -0.0360199 -0.0472377
5.33928 1.34768 0.955521 0.120794 0.0218183 -0.0543034
4.95635 1.57389 0.751755 0.000555015 -0.00621371 0.00885267
5.2383 1.40069 0.960364 0.0353219 0.0333751 -0.0543439
4.97741 1.63636 1.12834 -0.00807299 -0.0422205 0.0277391
5.01339 1.83515 0.848933 -0.0214554 -0.0411752 -0.0266666
4.83257 1.82744 0.703724 0.0361656 -0.0469911 0.0164115
4.82802 1.33555 0.937426 0.0364491 0.0185051 -0.0529743
5.24086 1.86742 1.01486 0.0374045 -0.0101757 -0.0448349
5.335 1.68875 0.746928 0.117096 -0.0668619 0.0100277
5.31799 1.77028 0.755183 0.102741 -0.073899 0.00796791
5.04417 1.59165 0.729719 -0.0298981 -0.0163531 0.0134951
5.2433 1.46614 0.942045 0.0394017 0.0341672 -0.0534846
5.08652 1.66969 0.729797 -0.0343332 -0.0591435 0.0134819
5.29709 1.54791 1.20914 0.0850715 0.00748253 0.0963635
5.08311 1.53344 0.625766 -0.0343422 0.0142477 0.00222899
4.86535 1.27114 1.01204 0.0314888 0.00248975 -0.0457839
5.20864 1.33686 0.935654 0.0125688 0.0188666 -0.0527488
5.34366 1.7951 1.10873 0.12468 -0.0656824 0.0116458
5.05591 1.81524 1.00249 -0.032066 -0.0551163 -0.0486355
5.2877 1.6656 0.816636 0.077053 -0.0572726 -0.0134123
5.20837 1.37529 0.987635 0.012375 0.0286549 -0.0519186
5.11192 1.55313 0.928881 -0.032041 0.00487837 -0.0517383
5.25709 1.69657 0.761418 0.0509028 -0.0694884 0.00625442
4.80408 1.50449 0.815936 0.0363844 0.0253405 -0.0131289
5.16856 1.30571 1.19299 -0.0123787 0.0103307 0.0827419
5.33949 1.29884 1.0835 0.120975 0.00855804 -0.00752856
5.13987 1.44834 0.750685 -0.0248287 0.0358534 0.00912045
4.82296 1.31037 1.00888 0.0366559 0.0115681 -0.0467928
4.88365 1.42499 0.847579 0.0270313 0.0358288 -0.0261158
5.08758 1.78748 0.828074 -0.0343163 -0.0687644 -0.0180922
4.84346 1.43739 1.2319 0.0351148 0.036147 0.117795
4.97051 1.34178 0.787402 -0.00527369 0.0202179 -0.00215749
5.29085 1.51417 1.01349 0.0797432 0.0220272 -0.0453003
5.26878 1.42879 1.16586 0.0608372 0.0359975 0.0597535
4.96876 1.7002 0.770709 -0.00455596 -0.0705873 0.00346814
5.12557 1.77863 0.744528 -0.0291379 -0.0717188 0.0105798
5.10182 1.542 0.661049 -0.0334305 0.0103342 0.0145039
4.8722 1.60877 0.631123 0.0299648 -0.0263702 0.00630275
5.33466 1.5872 0.873089 0.116806 -0.013775 -0.0360963
5.24194 1.51129 0.714729 0.0382875 0.0230569 0.0155329
4.83176 1.82208 0.650243 0.0362224 -0.0507227 0.0125077
5.10688 1.76267 0.778931 -0.0328152 -0.0753775 0.000788975
5.13365 1.28146 1.22985 -0.0268613 0.0044988 0.115531
5.34121 1.26605 1.22291 0.122488 0.00164976 0.108588
5.1976 1.59031 1.02303 0.00492748 -0.0155747 -0.0417954
5.02962 1.75419 0.666753 -0.0263569 -0.0764629 0.0152812
5.22618 1.34722 1.1273 0.0256897 0.0216941 0.0268727
5.12647 1.85277 0.663043 -0.0289062 -0.0257623 0.0147958
4.85128 1.3313 0.822045 0.0340462 0.0173269 -0.0156157
5.07384 1.59029 0.934429 -0.034025 -0.0155586 -0.0525832
4.93783 1.329 1.04343 0.00812103 0.0166878 -0.0324462
4.77421 1.84064 0.851393 0.0322767 -0.0366993 -0.0276633
4.85569 1.54767 1.22747 0.0333314 0.00760319 0.113042
5.23869 1.56034 1.07708 0.0356396 0.00114437 -0.0120345
5.1117 1.71674 1.24245 -0.0320776 -0.0745683 0.133354
5.37028 1.55339 0.648026 0.160511 0.00474325 0.0120011
5.00515 1.34047 1.22577 -0.0186446 0.0198588 0.11134
4.95668 1.74912 0.670343 0.000419939 -0.0768335 0.0156817
4.76417 1.34635 0.697309 0.0295387 0.0214583 0.0166741
5.19249 1.28326 1.18083 0.0015756 0.00488408 0.0724919
5.00816 1.75167 0.935094 -0.0196936 -0.0766729 -0.0526741
5.17171 1.31574 0.93856 -0.0107189 0.0130232 -0.0531101
4.99083 1.53259 1.08352 -0.0133637 0.0146196 -0.0075112
5.06206 1.35612 0.786516 -0.0329285 0.0240399 -0.00184142
5.05429 1.51031 1.09981 -0.0318059 0.0233976 0.00462632
4.9073 1.81617 0.911158 0.019638 -0.054543 -0.0480585
5.36785 1.53576 0.987105 0.154201 0.0132106 -0.0520098
5.15533 1.32042 1.18674 -0.0187354 0.0143084 0.0774843
4.82068 1.78108 0.705791 0.0367111 -0.0709684 0.0162874
5.24613 1.60935 1.21737 0.0417308 -0.0267113 0.103524
4.89559 1.67177 0.70008 0.0235044 -0.0600698 0.0165835
5.16641 1.34896 0.866326 -0.0134799 0.0221607 -0.0335525
5.05658 1.3974 1.1569 -0.0321686 0.0328741 0.0520836
5.32492 1.35432 1.10125 0.108562 0.0235721 0.00574161
4.94678 1.27915 0.788618 0.00449277 0.00401743 -0.00259473
5.26627 1.2683 0.67894 0.0586894 0.00200631 0.0163764
5.3663 1.86662 0.988491 0.151067 -0.0111226 -0.0517673
5.20432 1.32876 1.19976 0.00952229 0.0166203 0.0884248
5.10088 1.29669 0.863689 -0.0335271 0.00802218 -0.0325367
5.24508 1.56991 1.21258 0.0408638 -0.00401194 0.0993145
5.17308 1.48141 1.11621 -0.00997567 0.0314994 0.0176866
5.16553 1.70602 0.885912 -0.0139264 -0.0721883 -0.0406294
4.87932 1.74867 0.661134 0.0281947 -0.0768567 0.0145168
5.21588 1.46841 0.842604 0.0178503 0.0338433 -0.0240812
4.95544 1.30465 0.924334 0.000931264 0.010051 -0.0509325
5.13904 1.79894 1.18558 -0.0251155 -0.0639363 0.0765087
5.19444 1.5119 0.738987 0.00283883 0.0228422 0.0117713
5.15378 1.29156 1.02821 -0.0194142 0.00677303 -0.0396566
5.09876 1.3477 1.02772 -0.0337257 0.0218221 -0.0398685
4.8972 1.77748 0.747285 0.0229961 -0.0720546 0.00994358
5.07431 1.85963 0.77613 -0.0340529 -0.0188487 0.00172262
4.95383 1.78903 0.686106 0.00159453 -0.0681776 0.0166809
5.00537 1.50451 1.04458 -0.0187233 0.0253349 -0.0318492
5.06025 1.29844 1.17801 -0.0326956 0.00845744 0.0701053
5.27218 1.37359 0.756003 0.0637496 0.0282758 0.00775011
5.25468 1.42792 0.780118 0.0488688 0.0359641 0.000386865
4.94242 1.29363 1.02319 0.00627094 0.0072702 -0.0417312
5.32024 1.27573 0.96623 0.104635 0.00333847 -0.054207
5.0287 1.36397 0.705319 -0.0261056 0.0260131 0.0163174
4.97237 1.33003 0.685926 -0.00602924 0.0169736 0.0166762
5.08185 1.44279 0.7423 -0.0343282 0.0360711 0.011073
5.06354 1.79663 0.941422 -0.0331078 -0.065 -0.0534224
5.01649 1.3731 1.14689 -0.0224598 0.0281668 0.0434968
4.99909 1.54794 1.04421 -0.0164665 0.00747148 -0.0320417
4.81201 1.57708 0.931139 0.0367021 -0.00799992 -0.0521009
4.88198 1.82065 0.807515 0.0274888 -0.0516776 -0.00976062
4.94356 1.84973 0.890471 0.00580855 -0.0286454 -0.0421318
4.91338 1.34291 1.16664 0.0174925 0.0205274 0.0604269
4.86218 1.46483 0.771692 0.0321335 0.0343435 0.00315778
5.09774 1.25944 1.24756 -0.0338116 0.000743813 0.149846
5.33038 1.37199 0.651209 0.113169 0.0279144 0.0127172
4.86417 1.55916 0.867715 0.0317345 0.00176604 -0.0340824
5.23911 1.55163 1.08024 0.0359758 0.00563561 -0.00983457
4.83337 1.75677 0.634946 0.036106 -0.0761938 0.00802
4.84899 1.28329 0.73576 0.0343863 0.0048905 0.0124104
4.97241 1.79765 0.786485 -0.00604902 -0.0645361 -0.00183032
4.79869 1.55558 1.12561 0.0359958 0.00362591 0.0254615
4.91945 1.30831 0.878129 0.0152655 0.0110172 -0.0379275
4.76842 1.81141 1.20351 0.0308198 -0.0573958 0.0915847
5.01194 1.42387 1.19385 -0.0209723 0.0357674 0.0834662
5.09798 1.61969 0.745615 -0.033792 -0.0327416 0.0103323
5.0997 1.6998 1.0855 -0.0336412 -0.0704714 -0.00609067
4.82589 1.83442 1.04036 0.0365506 -0.0417525 -0.0340102
5.24942 1.86931 0.945367 0.0444651 -0.00788728 -0.0537804
4.78817 1.70783 0.978763 0.0348132 -0.0726405 -0.053213
5.01046 1.64676 1.23725 -0.0204786 -0.0478615 0.124519
4.80539 1.61696 1.22116 0.0364575 -0.0311604 0.106958
5.22085 1.76391 1.17376 0.0215932 -0.0751698 0.0664961
5.18924 1.41902 0.805846 -0.000490784 0.035441 -0.00910351
5.00578 1.66182 1.04142 -0.0188654 -0.0554861 -0.0334753
5.28841 1.37571 1.12501 0.0776577 0.0287468 0.0249598
5.27286 1.56588 0.88496 0.0643297 -0.00181313 -0.0403076
5.13168 1.54024 0.637315 -0.027456 0.0111607 0.00890884
4.82258 1.44752 1.13936 0.0366669 0.0358947 0.0370687
4.85882 1.45701 0.753563 0.0327752 0.0352219 0.00839127
4.97202 1.68128 1.23224 -0.00588973 -0.0640452 0.118174
4.76816 1.5769 1.20123 0.0307462 -0.00790106 0.0896595
5.34037 1.66853 0.995182 0.121753 -0.0586199 -0.0504257
5.06521 1.68486 1.18592 -0.0332953 -0.0654324 0.076798
4.88389 1.80246 1.12674 0.0269647 -0.0622262 0.0264047
5.01834 1.56243 1.08342 -0.0230428 3.97623e-05 -0.00758386
5.15497 1.31288 0.753476 -0.0188951 0.0122438 0.00841356
5.18268 1.37588 1.1435 -0.00450907 0.0287838 0.0405998
5.26943 1.34872 1.06276 0.0613892 0.0220961 -0.021417
5.23803 1.392 0.888073 0.0351015 0.0319779 -0.0413493
4.78527 1.72925 1.24634 0.0343833 -0.0763592 0.144195
5.07739 1.57341 0.657778 -0.0342046 -0.00594587 0.013976
5.10689 1.82836 1.11351 -0.0328132 -0.0463288 0.0154927
5.07083 1.39198 0.963685 -0.0338173 0.0319736 -0.0542917
5.28367 1.43569 1.02566 0.073598 0.0361435 -0.0407318
4.8968 1.61917 0.727125 0.0231248 -0.032441 0.0139152
5.03614 1.59211 1.00109 -0.0280538 -0.0166199 -0.0490044
5.28567 1.86969 1.02053 0.075315 -0.00741872 -0.0427708
5.33691 1.52383 0.963698 0.118741 0.0183164 -0.0542914
5.31279 1.55811 0.762318 0.0983717 0.00231544 0.00599661
5.09222 1.61007 0.818041 -0.0341637 -0.0271313 -0.0139824
4.90448 1.38496 1.10982 0.0206026 0.0306729 0.012517
5.08771 1.51575 1.21768 -0.0343139 0.0214457 0.103801
4.83491 1.66941 1.17032 0.0359837 -0.0590195 0.0635623
5.2179 1.52755 0.84459 0.0193594 0.0167821 -0.0248952
5.18256 1.85486 1.05622 -0.0045802 -0.0237159 -0.0253715
5.12485 1.70493 0.655892 -0.0293222 -0.0719042 0.0136427
5.2989 1.48019 0.716979 0.0866136 0.0317553 0.015288
5.30272 1.41305 0.640022 0.0898574 0.0349083 0.00981325
4.86671 1.69394 0.878266 0.0312011 -0.0686447 -0.0379765
5.13791 1.60793 1.15471 -0.0254972 -0.0258755 0.0502044
5.19515 1.63363 0.70409 0.00330701 -0.0407007 0.0163909
4.98786 1.61366 0.98933 -0.012214 -0.029232 -0.0516148
5.06247 1.82959 1.13976 -0.0329793 -0.045426 0.0374052
5.18184 1.47519 0.968763 -0.00500703 0.0327226 -0.0540838
4.76962 1.39343 0.903094 0.0311449 0.0322237 -0.0459368
4.89506 1.65071 0.958682 0.0236707 -0.0499333 -0.0543454
5.04483 1.78496 0.982887 -0.030038 -0.0696747 -0.0526729
5.32198 1.69941 0.973955 0.106088 -0.0703558 -0.0537088
4.80361 1.7197 0.883112 0.0363566 -0.0750906 -0.0396762
5.31051 1.82354 0.77539 0.0964454 -0.0497368 0.00196581
4.85202 1.65444 0.707389 0.033931 -0.0518402 0.0161784
4.87065 1.37755 1.17022 0.0303244 0.029147 0.063482
5.04511 1.29986 1.1821 -0.0300953 0.00881744 0.0735699
5.28495 1.38735 0.672359 0.0746961 0.0311316 0.0158776
5.17866 1.27781 0.698232 -0.00685758 0.00374727 0.0166478
4.75092 1.45156 1.22571 0.022447 0.0356607 0.111282
5.26042 1.61385 0.901468 0.0537169 -0.0293444 -0.0454783
5.15375 1.4313 1.00982 -0.0194241 0.0360748 -0.0464981
4.91436 1.25544 0.670735 0.0171376 0.00032516 0.0157214
4.90159 1.76223 1.24422 0.0215709 -0.0754488 0.137479
4.94222 1.83118 0.856949 0.00635048 -0.0442419 -0.0298903
4.91906 1.76997 1.15921 0.0154115 -0.0739698 0.0540571
5.16179 1.42243 0.731676 -0.0157585 0.0356802 0.0131598
5.34979 1.43148 0.97213 0.13039 0.0360793 -0.0538594
4.83519 1.76681 1.12916 0.0359597 -0.0746337 0.02843
5.35695 1.83222 0.780065 0.137847 -0.043448 0.000404917
4.88093 1.36774 1.01121 0.0277695 0.0269235 -0.0460558
4.94991 1.65374 0.999726 0.00321029 -0.0514886 -0.0493525
5.0118 1.69434 1.06892 -0.0209266 -0.0687733 -0.0174985
5.04626 1.85797 1.1014 -0.0303314 -0.0205788 0.00586106
4.85816 1.76884 0.767107 0.0328946 -0.074215 0.00458002
5.03977 1.30743 1.08484 -0.028923 0.0107846 -0.00656851
5.35446 1.8211 0.916414 0.135116 -0.0513763 -0.0492975
5.36076 1.85147 0.66619 0.142487 -0.0270034 0.0152123
4.90896 1.34566 0.965917 0.0190604 0.0212746 -0.0542195
4.89851 1.7814 1.12393 0.0225771 -0.0708667 0.024055
5.34437 1.39262 1.13583 0.125317 0.0320846 0.0340659
4.97055 1.77285 0.776692 -0.00528793 -0.0732921 0.00153701
5.19882 1.64255 0.750556 0.00574464 -0.0456122 0.00915259
4.81759 1.43324 0.968189 0.0367478 0.0361157 -0.0541151
5.18861 1.51266 0.949533 -0.000887309 0.0225691 -0.0540655
5.28734 1.53188 1.21061 0.0767401 0.0149298 0.0976168
5.10302 1.86954 0.668997 -0.0332991 -0.00760528 0.0155393
4.75782 1.29382 1.07843 0.0271195 0.00731756 -0.0110986
4.87436 1.73847 0.806587 0.0294462 -0.0769539 -0.00939465
5.13421 1.25672 0.747132 -0.0266894 0.000446906 0.00997969
5.17524 1.6752 0.663192 -0.00879161 -0.0615532 0.0148168
5.2125 1.70564 1.01036 0.0153639 -0.0720888 -0.046329
5.09147 1.33461 0.68278 -0.0341969 0.0182456 0.01657
5.10189 1.67813 1.02506 -0.0334233 -0.0627739 -0.0409771
4.85987 1.43736 0.97931 0.0325802 0.0361471 -0.0531476
5.13887 1.79849 0.677557 -0.0251729 -0.0641475 0.0162892
4.87206 1.85215 1.16709 0.0299971 -0.0263628 0.0608062
5.02805 1.8089 1.09225 -0.0259247 -0.0588232 -0.00112327
5.17423 1.65946 0.796228 -0.00935028 -0.0543415 -0.00540174
5.11872 1.61259 0.914658 -0.0307431 -0.0286105 -0.0488966
4.94206 1.37768 0.847161 0.00641731 0.0291762 -0.0259458
4.94411 1.68649 0.823427 0.00558333 -0.0660391 -0.0161819
4.91282 1.50482 1.18489 0.0176915 0.025234 0.0759228
4.78243 1.4885 0.781081 0.0339155 0.0298767 5.8107e-05
5.16466 1.28408 0.731428 -0.014357 0.00506265 0.013203
5.2784 1.5763 0.850446 0.0690806 -0.00756219 -0.0272804
4.768 1.78496 0.725458 0.0307001 -0.0696721 0.0141705
5.1901 1.56789 1.04736 5.0023e-05 -0.00290456 -0.0303665
5.17423 1.74669 0.775276 -0.00934929 -0.076939 0.00200301
4.99267 1.62161 0.937754 -0.0140667 -0.0338528 -0.0530143
4.80693 1.68074 0.993463 0.0365331 -0.0638324 -0.0507976
5.18435 1.35449 0.824741 -0.00350781 0.0236177 -0.016721
5.20099 1.54493 0.93448 0.00721894 0.00893519 -0.0525903
4.92226 1.62803 0.793517 0.0142072 -0.0375357 -0.00438786
4.83964 1.31449 1.16265 0.0355424 0.012682 0.0570074
5.09609 1.79479 0.83867 -0.0339361 -0.0658147 -0.0224631
5.06118 1.55145 0.824879 -0.0328173 0.0057229 -0.0167778
5.00423 1.72001 0.796056 -0.018318 -0.0751417 -0.00533692
4.92945 1.832 1.10539 0.0114413 -0.0436204 0.00899264
5.12258 1.60289 1.07735 -0.0298761 -0.0229197 -0.0118447
5.28953 1.60507 1.2371 0.078615 -0.0241979 0.124315
5.34499 1.57207 1.00601 0.125885 -0.0052024 -0.0476525
5.13811 1.29599 1.03102 -0.02543 0.00784669 -0.038429
5.04727 1.38033 0.7615 -0.0305342 0.0297376 0.00623111
4.9973 1.55317 0.723415 -0.0158026 0.00485424 0.0144676
5.31636 1.76968 0.883325 0.10137 -0.0740343 -0.0397496
4.99216 1.79284 1.10121 -0.0138709 -0.0666458 0.0057101
4.86607 1.72777 0.979347 0.0313365 -0.0762051 -0.053143
5.06985 1.80247 0.976786 -0.0337381 -0.0622213 -0.0534343
5.19786 1.64805 1.04825 0.00510143 -0.0485425 -0.0298859
4.81378 1.41909 0.9988 0.0367323 0.0354463 -0.0495817
5.34245 1.31905 1.22478 0.123592 0.0139303 0.110372
5.2496 1.36437 0.759559 0.0446182 0.0261115 0.00677906
5.04229 1.48064 0.918234 -0.0294915 0.0316606 -0.0496985
5.09699 1.59731 0.698576 -0.0338699 -0.0196529 0.0166371
5.07528 1.70955 0.959455 -0.0341064 -0.0730533 -0.0543468
4.8662 1.5152 0.788734 0.0313099 0.0216498 -0.00263663
5.24618 1.76893 0.953612 0.0417764 -0.0741975 -0.0542498
5.31001 1.56082 1.11376 0.0960259 0.000891102 0.0156977
4.76666 1.71662 1.09506 0.0303142 -0.0745459 0.000990675
5.07476 1.45096 0.768045 -0.0340782 0.0356998 0.00429424
5.31099 1.65784 1.02168 0.0968573 -0.0535414 -0.0423264
4.78257 1.78857 1.06401 0.0339411 -0.0683531 -0.0206371
4.92305 1.81178 0.781276 0.0139112 -0.057183 -8.76794e-06
5.20202 1.30925 0.867997 0.00792561 0.0112692 -0.0341896
5.10554 1.55205 1.07128 -0.0329936 0.00542051 -0.0159509
5.08217 1.57241 0.645913 -0.0343326 -0.00539198 0.0114818
4.86027 1.70209 1.07497 0.0325034 -0.0711311 -0.0134736
5.33079 1.41315 1.24287 0.113509 0.0349187 0.134261
5.10273 1.73515 0.77863 -0.0333314 -0.0768133 0.000890063
5.01789 1.85634 0.750855 -0.0229023 -0.0222345 0.00907825
4.89276 1.6435 0.879043 0.0243824 -0.0461232 -0.0382533
5.16419 1.51523 1.16625 -0.0145918 0.0216374 0.0600888
5.14566 1.45431 1.19313 -0.0227194 0.0354566 0.0828581
5.14261 1.67375 1.06331 -0.0238573 -0.0609305 -0.0210727
5.06401 1.81253 0.739114 -0.0331618 -0.056744 0.0117453
5.03102 1.48372 0.859051 -0.0267369 0.0309966 -0.0307226
5.10952 1.41253 0.944062 -0.032429 0.0348548 -0.0536714
4.96025 1.51026 1.17461 -0.00105298 0.023415 0.0672182
4.91878 1.6302 0.866446 0.0155137 -0.0387712 -0.0335982
5.20727 1.68206 0.832996 0.0115959 -0.0643531 -0.0201222
4.91031 1.34197 1.14456 0.0185871 0.0202694 0.0415055
5.16294 1.78574 1.23851 -0.0152045 -0.0693982 0.126378
5.32599 1.76175 0.645777 0.109462 -0.075524 0.0114471
5.17232 1.38719 1.02557 -0.0103906 0.0311012 -0.0407679
5.04993 1.86199 0.677412 -0.0310446 -0.0163333 0.0162796
4.75205 1.48228 1.11892 0.0236474 0.0313138 0.019913
4.98894 1.3142 0.702266 -0.0126335 0.0126019 0.0164875
5.09449 1.81286 0.876388 -0.0340415 -0.0565514 -0.0373017
5.10106 1.72538 0.721159 -0.0335093 -0.0759234 0.0147752
5.21128 1.289 0.925543 0.0144714 0.00617357 -0.0511565
4.75108 1.27224 1.10947 0.0226404 0.00268612 0.0122359
5.03115 1.86085 0.864347 -0.0267702 -0.0175566 -0.0327915
5.16142 1.61702 0.625464 -0.0159362 -0.0311909 0.00173403
5.2659 1.33913 1.1182 0.0583815 0.019492 0.0193183
5.06966 1.64849 0.941741 -0.0337227 -0.0487724 -0.0534545
